#Stopping Power for protons in CH2
#E[MeV]  -dE/dx[MeV/mm] Electric, nuclear
1.00  2.830E+01  2.274E-02
1.10  2.694E+01  2.091E-02
1.20  2.563E+01  1.937E-02
1.30  2.422E+01  1.805E-02
1.40  2.296E+01  1.691E-02
1.50  2.183E+01  1.591E-02
1.60  2.082E+01  1.503E-02
1.70  1.990E+01  1.424E-02
1.80  1.906E+01  1.354E-02
2.00  1.760E+01  1.233E-02
2.25  1.608E+01  1.111E-02
2.50  1.482E+01  1.011E-02
2.75  1.376E+01  9.289E-03
3.00  1.285E+01  8.596E-03
3.25  1.207E+01  8.003E-03
3.50  1.138E+01  7.490E-03
3.75  1.078E+01  7.041E-03
4.00  1.024E+01  6.646E-03
4.50  9.322E+00  5.980E-03
5.00  8.569E+00  5.440E-03
5.50  7.938E+00  4.994E-03
6.00  7.401E+00  4.618E-03
6.50  6.938E+00  4.297E-03
7.00  6.534E+00  4.019E-03
8.00  5.863E+00  3.563E-03
9.00  5.327E+00  3.203E-03
10.00  4.888E+00  2.912E-03
11.00  4.521E+00  2.671E-03
12.00  4.210E+00  2.469E-03
13.00  3.943E+00  2.296E-03
14.00  3.710E+00  2.146E-03
15.00  3.505E+00  2.016E-03
16.00  3.324E+00  1.901E-03
17.00  3.163E+00  1.799E-03
18.00  3.017E+00  1.708E-03
20.00  2.767E+00  1.552E-03