 -0.7438555     -2.468359     0.0000000E+00 0.0000000E+00 -1.551876     100000
  0.8386864E-02 -1.316517     0.0000000E+00 0.0000000E+00 -1.083894     010000
  0.0000000E+00 0.0000000E+00 -3.723712    -0.7958260     0.0000000E+00 001000
  0.0000000E+00 0.0000000E+00 -0.3927053    -0.3524776     0.0000000E+00 000100
  0.0000000E+00 0.0000000E+00 0.0000000E+00 0.0000000E+00  1.000000     000010
  0.8192762     0.6323690     0.0000000E+00 0.0000000E+00 0.6500492     000001
   6.035408     -16.63008     0.0000000E+00 0.0000000E+00 -18.66777     200000
  -1.503293     -25.97702     0.0000000E+00 0.0000000E+00 -20.95554     110000
  -3.590939     -10.43917     0.0000000E+00 0.0000000E+00 -6.266446     020000
  0.0000000E+00 0.0000000E+00 -100.7636     -26.66269     0.0000000E+00 101000
  0.0000000E+00 0.0000000E+00 -59.09638     -22.20440     0.0000000E+00 011000
   13.34017      31.43267     0.0000000E+00 0.0000000E+00  5.428323     002000
  0.0000000E+00 0.0000000E+00 -46.72728     -3.260313     0.0000000E+00 100100
  0.0000000E+00 0.0000000E+00 -25.38187     -2.172346     0.0000000E+00 010100
  -9.218421      3.081173     0.0000000E+00 0.0000000E+00  7.226753     001100
  0.4846058     -1.689696     0.0000000E+00 0.0000000E+00  2.111807     100001
 -0.1756374E-01 -0.8969134     0.0000000E+00 0.0000000E+00  1.747874     010001
  0.0000000E+00 0.0000000E+00 -5.140104     -7.483456     0.0000000E+00 001001
  -3.073877     0.1016028E-01 0.0000000E+00 0.0000000E+00  1.753585     000200
  0.0000000E+00 0.0000000E+00  1.036196    -0.8120649E-01 0.0000000E+00 000101
 -0.9351978    -0.5472990     0.0000000E+00 0.0000000E+00 -0.5856280     000002
  -440.7474     -517.3215     0.0000000E+00 0.0000000E+00 -138.6851     300000
  -856.7681     -974.1203     0.0000000E+00 0.0000000E+00 -247.9042     210000
  -541.5679     -599.7255     0.0000000E+00 0.0000000E+00 -148.0793     120000
  -113.0194     -122.8205     0.0000000E+00 0.0000000E+00 -30.16181     030000
  0.0000000E+00 0.0000000E+00 -512.8379     -833.1610     0.0000000E+00 201000
  0.0000000E+00 0.0000000E+00 -616.6403     -1015.000     0.0000000E+00 111000
  0.0000000E+00 0.0000000E+00 -179.7736     -297.7690     0.0000000E+00 021000
   1262.390      1673.474     0.0000000E+00 0.0000000E+00 -12.96981     102000
   687.6187      918.2200     0.0000000E+00 0.0000000E+00  6.786441     012000
  0.0000000E+00 0.0000000E+00  448.1513      366.3855     0.0000000E+00 003000
  0.0000000E+00 0.0000000E+00 -232.3401     -335.3319     0.0000000E+00 200100
  0.0000000E+00 0.0000000E+00 -325.6449     -468.1175     0.0000000E+00 110100
  0.0000000E+00 0.0000000E+00 -111.2592     -155.0398     0.0000000E+00 020100
   957.2706      1187.426     0.0000000E+00 0.0000000E+00 -4.561680     101100
   570.4643      705.6637     0.0000000E+00 0.0000000E+00  10.35601     011100
  0.0000000E+00 0.0000000E+00  352.5837      241.7147     0.0000000E+00 002100
  -17.60981     -38.25716     0.0000000E+00 0.0000000E+00  25.80614     200001
  -18.56467     -34.08554     0.0000000E+00 0.0000000E+00  40.26050     110001
  -2.283659     -5.315619     0.0000000E+00 0.0000000E+00  15.35638     020001
  0.0000000E+00 0.0000000E+00 -154.1580     -202.1212     0.0000000E+00 101001
  0.0000000E+00 0.0000000E+00 -49.88298     -95.53179     0.0000000E+00 011001
  -13.24401     -1.870685     0.0000000E+00 0.0000000E+00 -15.96442     002001
   93.33935      105.5153     0.0000000E+00 0.0000000E+00  8.680132     100200
   64.79208      73.82791     0.0000000E+00 0.0000000E+00  7.429601     010200
  0.0000000E+00 0.0000000E+00  157.0350      77.64529     0.0000000E+00 001200
  0.0000000E+00 0.0000000E+00 -52.29142     -97.68867     0.0000000E+00 100101
  0.0000000E+00 0.0000000E+00 -13.71624     -48.82759     0.0000000E+00 010101
  0.3612471     -3.250500     0.0000000E+00 0.0000000E+00 -11.23166     001101
  -3.777296     -1.373203     0.0000000E+00 0.0000000E+00 -2.797040     100002
  -2.025844    -0.6458876     0.0000000E+00 0.0000000E+00 -2.400328     010002
  0.0000000E+00 0.0000000E+00  9.622905      7.798841     0.0000000E+00 001002
  0.0000000E+00 0.0000000E+00  17.08691      3.105323     0.0000000E+00 000300
   5.877669      3.952365     0.0000000E+00 0.0000000E+00 -3.296762     000201
  0.0000000E+00 0.0000000E+00 0.9733801      2.314134     0.0000000E+00 000102
   1.214469     0.5564399     0.0000000E+00 0.0000000E+00 0.7096650     000003
  -5854.194     -5524.696     0.0000000E+00 0.0000000E+00 -1560.721     400000
  -12810.68     -11893.80     0.0000000E+00 0.0000000E+00 -3714.548     310000
  -10506.45     -9560.466     0.0000000E+00 0.0000000E+00 -3326.035     220000
  -3823.658     -3404.789     0.0000000E+00 0.0000000E+00 -1341.691     130000
  -523.3024     -456.4923     0.0000000E+00 0.0000000E+00 -207.7513     040000
  0.0000000E+00 0.0000000E+00 -2375.745     -3642.780     0.0000000E+00 301000
  0.0000000E+00 0.0000000E+00 -1137.173     -2832.725     0.0000000E+00 211000
  0.0000000E+00 0.0000000E+00  956.2670      202.2643     0.0000000E+00 121000
  0.0000000E+00 0.0000000E+00  438.6417      343.8832     0.0000000E+00 031000
   9372.241      15880.93     0.0000000E+00 0.0000000E+00  1734.750     202000
   9349.890      16059.97     0.0000000E+00 0.0000000E+00  1933.467     112000
   2544.462      4296.969     0.0000000E+00 0.0000000E+00  560.0515     022000
  0.0000000E+00 0.0000000E+00  17825.46      17520.87     0.0000000E+00 103000
  0.0000000E+00 0.0000000E+00  9331.746      9291.602     0.0000000E+00 013000
  -2030.880     -3089.153     0.0000000E+00 0.0000000E+00 -145.2878     004000
  0.0000000E+00 0.0000000E+00 -2748.793     -3342.261     0.0000000E+00 300100
  0.0000000E+00 0.0000000E+00 -3466.280     -4236.765     0.0000000E+00 210100
  0.0000000E+00 0.0000000E+00 -1280.297     -1594.699     0.0000000E+00 120100
  0.0000000E+00 0.0000000E+00 -132.7284     -161.3315     0.0000000E+00 030100
   15059.30      21858.45     0.0000000E+00 0.0000000E+00  1182.489     201100
   15305.83      22442.46     0.0000000E+00 0.0000000E+00  1380.546     111100
   3988.727      5890.631     0.0000000E+00 0.0000000E+00  422.8386     021100
  0.0000000E+00 0.0000000E+00  11454.99      14250.64     0.0000000E+00 102100
  0.0000000E+00 0.0000000E+00  6169.138      7691.859     0.0000000E+00 012100
  -3379.481     -4548.034     0.0000000E+00 0.0000000E+00 -129.0211     003100
   418.6955      35.42161     0.0000000E+00 0.0000000E+00  333.9051     300001
   1238.982      556.0364     0.0000000E+00 0.0000000E+00  710.5878     210001
   1061.429      648.7697     0.0000000E+00 0.0000000E+00  487.3714     120001
   280.2411      195.4937     0.0000000E+00 0.0000000E+00  110.5508     030001
  0.0000000E+00 0.0000000E+00 -153.1540     -217.7862     0.0000000E+00 201001
  0.0000000E+00 0.0000000E+00  64.28480      129.3211     0.0000000E+00 111001
  0.0000000E+00 0.0000000E+00  72.69039      136.5499     0.0000000E+00 021001
  -501.1232      32.05549     0.0000000E+00 0.0000000E+00 -631.4994     102001
  -455.0548     -249.1460     0.0000000E+00 0.0000000E+00 -376.6238     012001
  0.0000000E+00 0.0000000E+00 -149.1156      176.6764     0.0000000E+00 003001
   5545.587      7140.333     0.0000000E+00 0.0000000E+00  57.58433     200200
   6021.344      7690.135     0.0000000E+00 0.0000000E+00  74.40371     110200
   1646.479      2088.488     0.0000000E+00 0.0000000E+00  29.29142     020200
  0.0000000E+00 0.0000000E+00  2947.797      4746.349     0.0000000E+00 101200
  0.0000000E+00 0.0000000E+00  1723.126      2696.382     0.0000000E+00 011200
  -2711.146     -3384.285     0.0000000E+00 0.0000000E+00 -115.4122     002200
  0.0000000E+00 0.0000000E+00  115.6244      122.8956     0.0000000E+00 200101
  0.0000000E+00 0.0000000E+00  334.1754      385.3004     0.0000000E+00 110101
  0.0000000E+00 0.0000000E+00  163.8415      190.7813     0.0000000E+00 020101
  -1450.928     -1311.358     0.0000000E+00 0.0000000E+00 -418.8528     101101
  -1045.600     -999.1752     0.0000000E+00 0.0000000E+00 -267.9479     011101
  0.0000000E+00 0.0000000E+00 -240.6207      25.99035     0.0000000E+00 002101
   1.783937      17.60068     0.0000000E+00 0.0000000E+00 -32.13690     200002
   11.97720      37.38934     0.0000000E+00 0.0000000E+00 -60.99256     110002
   3.174853      13.52519     0.0000000E+00 0.0000000E+00 -27.32480     020002
  0.0000000E+00 0.0000000E+00  255.0359      180.3037     0.0000000E+00 101002
  0.0000000E+00 0.0000000E+00  142.5406      132.3129     0.0000000E+00 011002
   45.26260      20.12097     0.0000000E+00 0.0000000E+00  20.70912     002002
  0.0000000E+00 0.0000000E+00  861.0049      1004.698     0.0000000E+00 100300
  0.0000000E+00 0.0000000E+00  494.1527      576.3097     0.0000000E+00 010300
  -756.3872     -896.5850     0.0000000E+00 0.0000000E+00 -50.64041     001300
  -347.6373     -359.9546     0.0000000E+00 0.0000000E+00 -56.92748     100201
  -230.3959     -233.4909     0.0000000E+00 0.0000000E+00 -44.16934     010201
  0.0000000E+00 0.0000000E+00 -99.54783      63.63008     0.0000000E+00 001201
  0.0000000E+00 0.0000000E+00  153.8307      150.9024     0.0000000E+00 100102
  0.0000000E+00 0.0000000E+00  83.54999      102.4474     0.0000000E+00 010102
   16.76232      15.80090     0.0000000E+00 0.0000000E+00  18.36525     001102
   9.677255      4.716525     0.0000000E+00 0.0000000E+00  4.422756     100003
   6.410120      3.589914     0.0000000E+00 0.0000000E+00  3.556161     010003
  0.0000000E+00 0.0000000E+00 -15.03071     -9.021064     0.0000000E+00 001003
  -72.07440     -80.04308     0.0000000E+00 0.0000000E+00 -7.409389     000400
  0.0000000E+00 0.0000000E+00 -22.44662      10.73611     0.0000000E+00 000301
  -4.647180     -1.490465     0.0000000E+00 0.0000000E+00  4.235888     000202
  0.0000000E+00 0.0000000E+00 -3.477670     -3.890060     0.0000000E+00 000103
  -1.690039    -0.4963585     0.0000000E+00 0.0000000E+00 -1.024133     000004
  -29782.75     -16100.06     0.0000000E+00 0.0000000E+00 -16797.94     500000
  -75627.91     -35196.70     0.0000000E+00 0.0000000E+00 -49945.98     410000
  -76262.60     -28074.17     0.0000000E+00 0.0000000E+00 -59744.12     320000
  -38380.16     -9488.252     0.0000000E+00 0.0000000E+00 -36065.62     230000
  -9775.396     -1070.488     0.0000000E+00 0.0000000E+00 -11021.58     140000
  -1033.446      20.78828     0.0000000E+00 0.0000000E+00 -1368.376     050000
  0.0000000E+00 0.0000000E+00  82829.31      87022.59     0.0000000E+00 401000
  0.0000000E+00 0.0000000E+00  192129.7      200905.9     0.0000000E+00 311000
  0.0000000E+00 0.0000000E+00  164328.6      171726.4     0.0000000E+00 221000
  0.0000000E+00 0.0000000E+00  61511.61      64348.70     0.0000000E+00 131000
  0.0000000E+00 0.0000000E+00  8499.367      8890.275     0.0000000E+00 041000
  -14642.85     -20147.54     0.0000000E+00 0.0000000E+00  30782.54     302000
   14983.61     -1104.872     0.0000000E+00 0.0000000E+00  53103.26     212000
   31504.30      18918.17     0.0000000E+00 0.0000000E+00  31479.18     122000
   10492.71      7610.773     0.0000000E+00 0.0000000E+00  6440.150     032000
  0.0000000E+00 0.0000000E+00  456112.3      353225.1     0.0000000E+00 203000
  0.0000000E+00 0.0000000E+00  468237.0      363176.4     0.0000000E+00 113000
  0.0000000E+00 0.0000000E+00  120740.4      93718.68     0.0000000E+00 023000
  -72352.10     -122862.4     0.0000000E+00 0.0000000E+00 -9887.069     104000
  -44594.83     -71496.10     0.0000000E+00 0.0000000E+00 -4939.135     014000
  0.0000000E+00 0.0000000E+00 -9942.521     -13415.79     0.0000000E+00 005000
  0.0000000E+00 0.0000000E+00  28022.83      28651.68     0.0000000E+00 400100
  0.0000000E+00 0.0000000E+00  68750.26      69986.62     0.0000000E+00 310100
  0.0000000E+00 0.0000000E+00  61109.71      62050.64     0.0000000E+00 220100
  0.0000000E+00 0.0000000E+00  23438.22      23721.10     0.0000000E+00 130100
  0.0000000E+00 0.0000000E+00  3260.026      3274.915     0.0000000E+00 040100
  -86357.31     -75205.21     0.0000000E+00 0.0000000E+00  37298.54     301100
  -127988.4     -114420.4     0.0000000E+00 0.0000000E+00  62603.27     211100
  -58394.01     -53034.42     0.0000000E+00 0.0000000E+00  35692.04     121100
  -7554.979     -6803.998     0.0000000E+00 0.0000000E+00  6965.165     031100
  0.0000000E+00 0.0000000E+00  401258.6      311469.2     0.0000000E+00 202100
  0.0000000E+00 0.0000000E+00  405988.8      311968.9     0.0000000E+00 112100
  0.0000000E+00 0.0000000E+00  103965.5      78986.51     0.0000000E+00 022100
  -26643.47     -80584.65     0.0000000E+00 0.0000000E+00 -11037.80     103100
  -20923.15     -50762.97     0.0000000E+00 0.0000000E+00 -7098.225     013100
  0.0000000E+00 0.0000000E+00 -48813.10     -42448.56     0.0000000E+00 004100
   11420.03      5199.821     0.0000000E+00 0.0000000E+00  4057.237     400001
   32258.73      17448.78     0.0000000E+00 0.0000000E+00  10768.19     310001
   32470.25      19114.32     0.0000000E+00 0.0000000E+00  10634.59     220001
   14036.52      8613.483     0.0000000E+00 0.0000000E+00  4678.702     130001
   2225.432      1387.082     0.0000000E+00 0.0000000E+00  782.5782     040001
  0.0000000E+00 0.0000000E+00 -13738.41     -14188.68     0.0000000E+00 301001
  0.0000000E+00 0.0000000E+00 -27130.58     -26208.13     0.0000000E+00 211001
  0.0000000E+00 0.0000000E+00 -18966.13     -17638.57     0.0000000E+00 121001
  0.0000000E+00 0.0000000E+00 -4496.364     -4157.037     0.0000000E+00 031001
   17292.56      29547.91     0.0000000E+00 0.0000000E+00 -10844.07     202001
   15600.57      26192.78     0.0000000E+00 0.0000000E+00 -12682.46     112001
   2828.987      5184.254     0.0000000E+00 0.0000000E+00 -3761.813     022001
  0.0000000E+00 0.0000000E+00 -15465.64      1437.476     0.0000000E+00 103001
  0.0000000E+00 0.0000000E+00 -12053.38     -2861.301     0.0000000E+00 013001
  -357.7433     -1584.175     0.0000000E+00 0.0000000E+00  2272.105     004001
  -34074.87     -27909.77     0.0000000E+00 0.0000000E+00  11420.52     300200
  -61703.04     -52355.09     0.0000000E+00 0.0000000E+00  19284.87     210200
  -36139.04     -31287.02     0.0000000E+00 0.0000000E+00  10973.38     120200
  -6837.127     -5969.586     0.0000000E+00 0.0000000E+00  2120.739     030200
  0.0000000E+00 0.0000000E+00  52761.37      46835.47     0.0000000E+00 201200
  0.0000000E+00 0.0000000E+00  45668.74      38958.58     0.0000000E+00 111200
  0.0000000E+00 0.0000000E+00  9953.211      7868.080     0.0000000E+00 021200
  -22098.76     -50447.53     0.0000000E+00 0.0000000E+00 -2728.557     102200
  -14011.00     -29865.67     0.0000000E+00 0.0000000E+00 -2280.938     012200
  0.0000000E+00 0.0000000E+00 -26346.58     -26417.67     0.0000000E+00 003200
  0.0000000E+00 0.0000000E+00 -1773.365     -2491.439     0.0000000E+00 300101
  0.0000000E+00 0.0000000E+00 -3858.550     -4633.680     0.0000000E+00 210101
  0.0000000E+00 0.0000000E+00 -3401.472     -3680.747     0.0000000E+00 120101
  0.0000000E+00 0.0000000E+00 -984.4293     -1051.857     0.0000000E+00 030101
  -3967.743      2883.529     0.0000000E+00 0.0000000E+00 -11597.44     201101
  -8923.491     -4633.086     0.0000000E+00 0.0000000E+00 -13314.75     111101
  -3811.481     -3418.113     0.0000000E+00 0.0000000E+00 -3907.120     021101
  0.0000000E+00 0.0000000E+00 -23264.59     -14240.74     0.0000000E+00 102101
  0.0000000E+00 0.0000000E+00 -14507.57     -10234.91     0.0000000E+00 012101
   1308.464      994.9541     0.0000000E+00 0.0000000E+00  2427.030     003101
  -685.2387     -5.229140     0.0000000E+00 0.0000000E+00 -688.6001     300002
  -2059.111     -450.2749     0.0000000E+00 0.0000000E+00 -1623.385     210002
  -1914.787     -716.8595     0.0000000E+00 0.0000000E+00 -1224.624     120002
  -559.3636     -271.3977     0.0000000E+00 0.0000000E+00 -301.6398     030002
  0.0000000E+00 0.0000000E+00  216.7848     -271.7221     0.0000000E+00 201002
  0.0000000E+00 0.0000000E+00  154.9967     -460.7910     0.0000000E+00 111002
  0.0000000E+00 0.0000000E+00  49.49275     -176.2980     0.0000000E+00 021002
   627.3992     -761.7417     0.0000000E+00 0.0000000E+00  950.9764     102002
   297.4425     -496.3050     0.0000000E+00 0.0000000E+00  732.4578     012002
  0.0000000E+00 0.0000000E+00 -110.7269     -238.1938     0.0000000E+00 003002
  0.0000000E+00 0.0000000E+00 -16205.01     -9760.480     0.0000000E+00 200300
  0.0000000E+00 0.0000000E+00 -18848.73     -11926.08     0.0000000E+00 110300
  0.0000000E+00 0.0000000E+00 -5343.291     -3528.842     0.0000000E+00 020300
  -20357.38     -29759.38     0.0000000E+00 0.0000000E+00  51.04475     101300
  -11237.91     -16436.69     0.0000000E+00 0.0000000E+00 -206.1322     011300
  0.0000000E+00 0.0000000E+00 -10419.79     -10464.58     0.0000000E+00 002300
  -8356.063     -7767.800     0.0000000E+00 0.0000000E+00 -2711.481     200201
  -11878.28     -11914.19     0.0000000E+00 0.0000000E+00 -2956.705     110201
  -4043.856     -4225.982     0.0000000E+00 0.0000000E+00 -825.4755     020201
  0.0000000E+00 0.0000000E+00 -7580.031     -8126.306     0.0000000E+00 101201
  0.0000000E+00 0.0000000E+00 -4760.448     -5384.028     0.0000000E+00 011201
   3974.299      3829.327     0.0000000E+00 0.0000000E+00  1545.553     002201
  0.0000000E+00 0.0000000E+00  49.78241     -129.5830     0.0000000E+00 200102
  0.0000000E+00 0.0000000E+00 -263.9184     -454.7249     0.0000000E+00 110102
  0.0000000E+00 0.0000000E+00 -191.3525     -246.0911     0.0000000E+00 020102
   2211.525      1028.702     0.0000000E+00 0.0000000E+00  1119.953     101102
   1667.099      962.4754     0.0000000E+00 0.0000000E+00  805.7361     011102
  0.0000000E+00 0.0000000E+00  74.70028     -222.4908     0.0000000E+00 002102
   49.74292      27.73352     0.0000000E+00 0.0000000E+00  41.42791     200003
   46.02760      1.595199     0.0000000E+00 0.0000000E+00  85.99952     110003
   12.62597     -9.917874     0.0000000E+00 0.0000000E+00  42.63526     020003
  0.0000000E+00 0.0000000E+00 -377.0597     -183.1165     0.0000000E+00 101003
  0.0000000E+00 0.0000000E+00 -245.8170     -155.0071     0.0000000E+00 011003
  -128.4924     -76.74824     0.0000000E+00 0.0000000E+00 -20.82305     002003
  -3320.940     -4266.621     0.0000000E+00 0.0000000E+00  102.2067     100400
  -1833.558     -2354.089     0.0000000E+00 0.0000000E+00  32.91910     010400
  0.0000000E+00 0.0000000E+00 -2601.813     -2572.449     0.0000000E+00 001400
  0.0000000E+00 0.0000000E+00 -1145.050     -1225.803     0.0000000E+00 100301
  0.0000000E+00 0.0000000E+00 -899.3513     -966.6700     0.0000000E+00 010301
   1970.269      1976.374     0.0000000E+00 0.0000000E+00  434.7437     001301
   633.1903      484.6292     0.0000000E+00 0.0000000E+00  244.3800     100202
   465.3222      365.9015     0.0000000E+00 0.0000000E+00  175.8422     010202
  0.0000000E+00 0.0000000E+00 -53.99447     -225.2228     0.0000000E+00 001202
  0.0000000E+00 0.0000000E+00 -290.1564     -206.0952     0.0000000E+00 100103
  0.0000000E+00 0.0000000E+00 -191.3144     -162.6053     0.0000000E+00 010103
  -61.76251     -50.67744     0.0000000E+00 0.0000000E+00 -25.80925     001103
  -19.90249     -8.671443     0.0000000E+00 0.0000000E+00 -8.483621     100004
  -14.52075     -7.979891     0.0000000E+00 0.0000000E+00 -6.311476     010004
  0.0000000E+00 0.0000000E+00  25.01885      12.52916     0.0000000E+00 001004
  0.0000000E+00 0.0000000E+00 -357.9859     -307.3494     0.0000000E+00 000500
   252.3819      246.7532     0.0000000E+00 0.0000000E+00  49.32858     000401
  0.0000000E+00 0.0000000E+00 -12.50483     -58.56607     0.0000000E+00 000302
  -1.133988     -6.907169     0.0000000E+00 0.0000000E+00 -5.009305     000203
  0.0000000E+00 0.0000000E+00  6.943397      5.597474     0.0000000E+00 000104
   2.476570     0.3071055     0.0000000E+00 0.0000000E+00  1.604934     000005