 -0.7561004     -2.475582     0.0000000E+00 0.0000000E+00 -1.557948     100000
  0.1622999E-08 -1.322576     0.0000000E+00 0.0000000E+00 -1.088896     010000
  0.0000000E+00 0.0000000E+00 -3.722562    -0.8056465     0.0000000E+00 001000
  0.0000000E+00 0.0000000E+00 -0.3873431    -0.3524620     0.0000000E+00 000100
  0.0000000E+00 0.0000000E+00 0.0000000E+00 0.0000000E+00  1.000000     000010
  0.8233148     0.6351467     0.0000000E+00 0.0000000E+00 0.6414084     000001
   6.006071     -16.56574     0.0000000E+00 0.0000000E+00 -18.71732     200000
  -1.479041     -25.85431     0.0000000E+00 0.0000000E+00 -21.01786     110000
  -3.568646     -10.39069     0.0000000E+00 0.0000000E+00 -6.288194     020000
  0.0000000E+00 0.0000000E+00 -100.5655     -26.63705     0.0000000E+00 101000
  0.0000000E+00 0.0000000E+00 -58.95426     -22.13503     0.0000000E+00 011000
   13.19498      31.20798     0.0000000E+00 0.0000000E+00  5.446563     002000
  0.0000000E+00 0.0000000E+00 -46.71556     -3.360152     0.0000000E+00 100100
  0.0000000E+00 0.0000000E+00 -25.37153     -2.212239     0.0000000E+00 010100
  -9.228421      3.018303     0.0000000E+00 0.0000000E+00  7.254546     001100
  0.5073678     -1.681656     0.0000000E+00 0.0000000E+00  2.116014     100001
 -0.8987084E-08 -0.8874909     0.0000000E+00 0.0000000E+00  1.754631     010001
  0.0000000E+00 0.0000000E+00 -5.128396     -7.485443     0.0000000E+00 001001
  -3.056765     0.1943345E-01 0.0000000E+00 0.0000000E+00  1.759155     000200
  0.0000000E+00 0.0000000E+00  1.053732    -0.6526001E-01 0.0000000E+00 000101
 -0.9395741    -0.5483309     0.0000000E+00 0.0000000E+00 -0.5840735     000002
  -436.4373     -512.2834     0.0000000E+00 0.0000000E+00 -138.6873     300000
  -849.0657     -965.2634     0.0000000E+00 0.0000000E+00 -248.0188     210000
  -537.0327     -594.5820     0.0000000E+00 0.0000000E+00 -148.2217     120000
  -112.1384     -121.8315     0.0000000E+00 0.0000000E+00 -30.21000     030000
  0.0000000E+00 0.0000000E+00 -504.9147     -822.6948     0.0000000E+00 201000
  0.0000000E+00 0.0000000E+00 -607.7821     -1003.343     0.0000000E+00 111000
  0.0000000E+00 0.0000000E+00 -177.3575     -294.5923     0.0000000E+00 021000
   1251.733      1659.916     0.0000000E+00 0.0000000E+00 -13.17256     102000
   682.2151      911.2821     0.0000000E+00 0.0000000E+00  6.724180     012000
  0.0000000E+00 0.0000000E+00  444.2500      362.8798     0.0000000E+00 003000
  0.0000000E+00 0.0000000E+00 -228.7297     -330.8009     0.0000000E+00 200100
  0.0000000E+00 0.0000000E+00 -321.3136     -462.7421     0.0000000E+00 110100
  0.0000000E+00 0.0000000E+00 -110.0027     -153.4960     0.0000000E+00 020100
   947.7203      1175.520     0.0000000E+00 0.0000000E+00 -4.612308     101100
   565.3314      699.2455     0.0000000E+00 0.0000000E+00  10.37115     011100
  0.0000000E+00 0.0000000E+00  349.5140      238.8601     0.0000000E+00 002100
  -17.40576     -38.13703     0.0000000E+00 0.0000000E+00  25.79893     200001
  -18.36022     -33.95966     0.0000000E+00 0.0000000E+00  40.35036     110001
  -2.229132     -5.282141     0.0000000E+00 0.0000000E+00  15.41605     020001
  0.0000000E+00 0.0000000E+00 -154.2666     -202.4685     0.0000000E+00 101001
  0.0000000E+00 0.0000000E+00 -49.86641     -95.71269     0.0000000E+00 011001
  -13.26226     -1.892593     0.0000000E+00 0.0000000E+00 -16.01500     002001
   91.56432      103.3175     0.0000000E+00 0.0000000E+00  8.736340     100200
   63.77430      72.57180     0.0000000E+00 0.0000000E+00  7.468445     010200
  0.0000000E+00 0.0000000E+00  156.2460      76.96668     0.0000000E+00 001200
  0.0000000E+00 0.0000000E+00 -52.12726     -97.74749     0.0000000E+00 100101
  0.0000000E+00 0.0000000E+00 -13.56890     -48.84527     0.0000000E+00 010101
  0.3901760     -3.229972     0.0000000E+00 0.0000000E+00 -11.22828     001101
  -3.832155     -1.402492     0.0000000E+00 0.0000000E+00 -2.812328     100002
  -2.069475    -0.6680628     0.0000000E+00 0.0000000E+00 -2.415425     010002
  0.0000000E+00 0.0000000E+00  9.646181      7.807826     0.0000000E+00 001002
  0.0000000E+00 0.0000000E+00  16.96643      3.030383     0.0000000E+00 000300
   5.888587      3.964187     0.0000000E+00 0.0000000E+00 -3.307361     000201
  0.0000000E+00 0.0000000E+00 0.9631628      2.316332     0.0000000E+00 000102
   1.221744     0.5578950     0.0000000E+00 0.0000000E+00 0.7115157     000003
  -5791.419     -5462.349     0.0000000E+00 0.0000000E+00 -1557.373     400000
  -12677.80     -11762.93     0.0000000E+00 0.0000000E+00 -3708.487     310000
  -10401.46     -9457.979     0.0000000E+00 0.0000000E+00 -3322.191     220000
  -3787.034     -3369.320     0.0000000E+00 0.0000000E+00 -1340.764     130000
  -518.5400     -451.9057     0.0000000E+00 0.0000000E+00 -207.7088     040000
  0.0000000E+00 0.0000000E+00 -2356.902     -3607.783     0.0000000E+00 301000
  0.0000000E+00 0.0000000E+00 -1132.746     -2803.817     0.0000000E+00 211000
  0.0000000E+00 0.0000000E+00  945.4597      204.1142     0.0000000E+00 121000
  0.0000000E+00 0.0000000E+00  434.5903      342.0352     0.0000000E+00 031000
   9307.096      15777.59     0.0000000E+00 0.0000000E+00  1731.214     202000
   9281.901      15954.42     0.0000000E+00 0.0000000E+00  1931.112     112000
   2524.627      4267.811     0.0000000E+00 0.0000000E+00  559.9883     022000
  0.0000000E+00 0.0000000E+00  17615.19      17329.32     0.0000000E+00 103000
  0.0000000E+00 0.0000000E+00  9222.613      9191.254     0.0000000E+00 013000
  -2010.806     -3058.418     0.0000000E+00 0.0000000E+00 -142.8545     004000
  0.0000000E+00 0.0000000E+00 -2724.452     -3310.425     0.0000000E+00 300100
  0.0000000E+00 0.0000000E+00 -3438.403     -4197.707     0.0000000E+00 210100
  0.0000000E+00 0.0000000E+00 -1271.216     -1579.993     0.0000000E+00 120100
  0.0000000E+00 0.0000000E+00 -132.0796     -159.7471     0.0000000E+00 030100
   14958.46      21714.48     0.0000000E+00 0.0000000E+00  1177.129     201100
   15207.46      22300.95     0.0000000E+00 0.0000000E+00  1375.946     111100
   3963.657      5854.665     0.0000000E+00 0.0000000E+00  422.0649     021100
  0.0000000E+00 0.0000000E+00  11255.05      14051.59     0.0000000E+00 102100
  0.0000000E+00 0.0000000E+00  6065.176      7588.007     0.0000000E+00 012100
  -3351.836     -4508.127     0.0000000E+00 0.0000000E+00 -128.1651     003100
   417.5028      34.61174     0.0000000E+00 0.0000000E+00  333.6433     300001
   1235.766      552.9831     0.0000000E+00 0.0000000E+00  711.1358     210001
   1059.159      646.2351     0.0000000E+00 0.0000000E+00  488.3596     120001
   279.7929      194.9038     0.0000000E+00 0.0000000E+00  110.9036     030001
  0.0000000E+00 0.0000000E+00 -158.6517     -221.4385     0.0000000E+00 201001
  0.0000000E+00 0.0000000E+00  56.33362      123.2611     0.0000000E+00 111001
  0.0000000E+00 0.0000000E+00  70.07296      134.4374     0.0000000E+00 021001
  -504.2716      27.26732     0.0000000E+00 0.0000000E+00 -634.6127     102001
  -457.0116     -251.7002     0.0000000E+00 0.0000000E+00 -378.3604     012001
  0.0000000E+00 0.0000000E+00 -148.5864      176.4885     0.0000000E+00 003001
   5508.133      7091.426     0.0000000E+00 0.0000000E+00  55.60895     200200
   5983.710      7640.830     0.0000000E+00 0.0000000E+00  72.44397     110200
   1636.913      2075.912     0.0000000E+00 0.0000000E+00  28.84561     020200
  0.0000000E+00 0.0000000E+00  2891.780      4679.420     0.0000000E+00 101200
  0.0000000E+00 0.0000000E+00  1693.600      2661.123     0.0000000E+00 011200
  -2689.190     -3355.444     0.0000000E+00 0.0000000E+00 -115.4417     002200
  0.0000000E+00 0.0000000E+00  112.0566      119.8232     0.0000000E+00 200101
  0.0000000E+00 0.0000000E+00  329.2750      380.9659     0.0000000E+00 110101
  0.0000000E+00 0.0000000E+00  162.3301      189.4257     0.0000000E+00 020101
  -1449.470     -1311.361     0.0000000E+00 0.0000000E+00 -420.0791     101101
  -1044.862     -998.8886     0.0000000E+00 0.0000000E+00 -268.7888     011101
  0.0000000E+00 0.0000000E+00 -238.4520      27.58746     0.0000000E+00 002101
   1.260653      17.26496     0.0000000E+00 0.0000000E+00 -32.20743     200002
   11.38259      37.09429     0.0000000E+00 0.0000000E+00 -61.21145     110002
   3.003687      13.46740     0.0000000E+00 0.0000000E+00 -27.46109     020002
  0.0000000E+00 0.0000000E+00  256.1426      180.7083     0.0000000E+00 101002
  0.0000000E+00 0.0000000E+00  143.4135      132.9559     0.0000000E+00 011002
   45.38455      20.17239     0.0000000E+00 0.0000000E+00  20.77296     002002
  0.0000000E+00 0.0000000E+00  856.9536      997.5517     0.0000000E+00 100300
  0.0000000E+00 0.0000000E+00  491.9589      572.4626     0.0000000E+00 010300
  -748.3783     -886.5627     0.0000000E+00 0.0000000E+00 -50.74169     001300
  -346.1010     -358.5437     0.0000000E+00 0.0000000E+00 -56.71221     100201
  -229.3852     -232.4524     0.0000000E+00 0.0000000E+00 -44.13257     010201
  0.0000000E+00 0.0000000E+00 -99.15946      64.52067     0.0000000E+00 001201
  0.0000000E+00 0.0000000E+00  154.4098      151.4198     0.0000000E+00 100102
  0.0000000E+00 0.0000000E+00  83.90343      102.9145     0.0000000E+00 010102
   16.81697      15.84822     0.0000000E+00 0.0000000E+00  18.43873     001102
   9.803778      4.759965     0.0000000E+00 0.0000000E+00  4.472152     100003
   6.517269      3.636687     0.0000000E+00 0.0000000E+00  3.596105     010003
  0.0000000E+00 0.0000000E+00 -15.08695     -9.038913     0.0000000E+00 001003
  -71.15590     -78.93566     0.0000000E+00 0.0000000E+00 -7.426209     000400
  0.0000000E+00 0.0000000E+00 -22.53085      10.75631     0.0000000E+00 000301
  -4.648155     -1.489402     0.0000000E+00 0.0000000E+00  4.244368     000202
  0.0000000E+00 0.0000000E+00 -3.479495     -3.898675     0.0000000E+00 000103
  -1.702809    -0.4965644     0.0000000E+00 0.0000000E+00 -1.030723     000004
  -29470.51     -15904.08     0.0000000E+00 0.0000000E+00 -16715.35     500000
  -74900.74     -34796.71     0.0000000E+00 0.0000000E+00 -49710.42     410000
  -75609.25     -27790.59     0.0000000E+00 0.0000000E+00 -59473.02     320000
  -38100.00     -9417.074     0.0000000E+00 0.0000000E+00 -35908.70     230000
  -9718.837     -1072.715     0.0000000E+00 0.0000000E+00 -10976.06     140000
  -1029.222      18.46738     0.0000000E+00 0.0000000E+00 -1363.116     050000
  0.0000000E+00 0.0000000E+00  81784.87      85999.40     0.0000000E+00 401000
  0.0000000E+00 0.0000000E+00  189841.5      198667.9     0.0000000E+00 311000
  0.0000000E+00 0.0000000E+00  162465.3      169905.4     0.0000000E+00 221000
  0.0000000E+00 0.0000000E+00  60844.73      63698.15     0.0000000E+00 131000
  0.0000000E+00 0.0000000E+00  8411.094      8804.624     0.0000000E+00 041000
  -15203.98     -20593.99     0.0000000E+00 0.0000000E+00  30762.27     302000
   13530.76     -2340.688     0.0000000E+00 0.0000000E+00  53073.38     212000
   30430.61      17977.18     0.0000000E+00 0.0000000E+00  31463.66     122000
   10248.19      7392.086     0.0000000E+00 0.0000000E+00  6437.450     032000
  0.0000000E+00 0.0000000E+00  451335.0      349462.7     0.0000000E+00 203000
  0.0000000E+00 0.0000000E+00  463345.3      359279.1     0.0000000E+00 113000
  0.0000000E+00 0.0000000E+00  119485.6      92706.45     0.0000000E+00 023000
  -70903.55     -120811.7     0.0000000E+00 0.0000000E+00 -9702.549     104000
  -43738.04     -70327.64     0.0000000E+00 0.0000000E+00 -4861.142     014000
  0.0000000E+00 0.0000000E+00 -9941.469     -13318.99     0.0000000E+00 005000
  0.0000000E+00 0.0000000E+00  27650.53      28296.75     0.0000000E+00 400100
  0.0000000E+00 0.0000000E+00  67904.61      69180.14     0.0000000E+00 310100
  0.0000000E+00 0.0000000E+00  60403.47      61378.44     0.0000000E+00 220100
  0.0000000E+00 0.0000000E+00  23181.91      23478.68     0.0000000E+00 130100
  0.0000000E+00 0.0000000E+00  3226.137      3243.302     0.0000000E+00 040100
  -86040.12     -74875.91     0.0000000E+00 0.0000000E+00  37280.70     301100
  -127852.5     -114235.7     0.0000000E+00 0.0000000E+00  62581.80     211100
  -58552.77     -53154.63     0.0000000E+00 0.0000000E+00  35682.86     121100
  -7631.306     -6872.266     0.0000000E+00 0.0000000E+00  6963.830     031100
  0.0000000E+00 0.0000000E+00  395778.6      307299.0     0.0000000E+00 202100
  0.0000000E+00 0.0000000E+00  400381.7      307681.9     0.0000000E+00 112100
  0.0000000E+00 0.0000000E+00  102519.7      77873.35     0.0000000E+00 022100
  -25745.43     -79021.50     0.0000000E+00 0.0000000E+00 -10870.35     103100
  -20325.69     -49814.01     0.0000000E+00 0.0000000E+00 -7024.289     013100
  0.0000000E+00 0.0000000E+00 -48299.93     -41981.13     0.0000000E+00 004100
   11359.77      5156.624     0.0000000E+00 0.0000000E+00  4052.546     400001
   32106.23      17325.79     0.0000000E+00 0.0000000E+00  10769.69     310001
   32332.62      18993.92     0.0000000E+00 0.0000000E+00  10648.21     220001
   13983.69      8564.100     0.0000000E+00 0.0000000E+00  4689.489     130001
   2218.159      1379.836     0.0000000E+00 0.0000000E+00  785.1213     040001
  0.0000000E+00 0.0000000E+00 -13673.62     -14115.23     0.0000000E+00 301001
  0.0000000E+00 0.0000000E+00 -27006.00     -26080.46     0.0000000E+00 211001
  0.0000000E+00 0.0000000E+00 -18887.99     -17564.18     0.0000000E+00 121001
  0.0000000E+00 0.0000000E+00 -4480.672     -4143.069     0.0000000E+00 031001
   17103.33      29328.64     0.0000000E+00 0.0000000E+00 -10870.86     202001
   15412.66      25974.82     0.0000000E+00 0.0000000E+00 -12716.97     112001
   2785.926      5133.393     0.0000000E+00 0.0000000E+00 -3773.596     022001
  0.0000000E+00 0.0000000E+00 -15452.52      1375.998     0.0000000E+00 103001
  0.0000000E+00 0.0000000E+00 -12023.71     -2874.347     0.0000000E+00 013001
  -349.6261     -1565.141     0.0000000E+00 0.0000000E+00  2265.513     004001
  -33829.88     -27681.34     0.0000000E+00 0.0000000E+00  11416.32     300200
  -61329.14     -51998.31     0.0000000E+00 0.0000000E+00  19281.54     210200
  -35958.83     -31111.78     0.0000000E+00 0.0000000E+00  10972.94     120200
  -6810.604     -5943.448     0.0000000E+00 0.0000000E+00  2120.870     030200
  0.0000000E+00 0.0000000E+00  50867.97      45425.59     0.0000000E+00 201200
  0.0000000E+00 0.0000000E+00  43751.32      37544.89     0.0000000E+00 111200
  0.0000000E+00 0.0000000E+00  9462.332      7508.799     0.0000000E+00 021200
  -22008.72     -50087.85     0.0000000E+00 0.0000000E+00 -2682.580     102200
  -13913.98     -29624.04     0.0000000E+00 0.0000000E+00 -2260.496     012200
  0.0000000E+00 0.0000000E+00 -25898.07     -26011.82     0.0000000E+00 003200
  0.0000000E+00 0.0000000E+00 -1761.537     -2475.388     0.0000000E+00 300101
  0.0000000E+00 0.0000000E+00 -3828.012     -4602.265     0.0000000E+00 210101
  0.0000000E+00 0.0000000E+00 -3377.607     -3659.921     0.0000000E+00 120101
  0.0000000E+00 0.0000000E+00 -978.6328     -1047.435     0.0000000E+00 030101
  -4109.323      2710.952     0.0000000E+00 0.0000000E+00 -11637.89     201101
  -9083.123     -4821.820     0.0000000E+00 0.0000000E+00 -13363.15     111101
  -3855.159     -3468.911     0.0000000E+00 0.0000000E+00 -3922.517     021101
  0.0000000E+00 0.0000000E+00 -23107.89     -14203.97     0.0000000E+00 102101
  0.0000000E+00 0.0000000E+00 -14399.75     -10193.72     0.0000000E+00 012101
   1331.619      1021.444     0.0000000E+00 0.0000000E+00  2422.440     003101
  -686.0965     -5.982969     0.0000000E+00 0.0000000E+00 -688.8797     300002
  -2060.779     -448.9429     0.0000000E+00 0.0000000E+00 -1626.559     210002
  -1917.008     -715.1551     0.0000000E+00 0.0000000E+00 -1228.759     120002
  -560.3912     -271.0929     0.0000000E+00 0.0000000E+00 -303.0671     030002
  0.0000000E+00 0.0000000E+00  230.2725     -265.6285     0.0000000E+00 201002
  0.0000000E+00 0.0000000E+00  173.8535     -450.3562     0.0000000E+00 111002
  0.0000000E+00 0.0000000E+00  55.91622     -172.3666     0.0000000E+00 021002
   635.3808     -756.7797     0.0000000E+00 0.0000000E+00  952.7666     102002
   303.1827     -493.2170     0.0000000E+00 0.0000000E+00  735.3033     012002
  0.0000000E+00 0.0000000E+00 -112.2323     -238.7524     0.0000000E+00 003002
  0.0000000E+00 0.0000000E+00 -16387.84     -9901.233     0.0000000E+00 200300
  0.0000000E+00 0.0000000E+00 -19031.12     -12061.97     0.0000000E+00 110300
  0.0000000E+00 0.0000000E+00 -5389.295     -3561.912     0.0000000E+00 020300
  -20314.26     -29649.17     0.0000000E+00 0.0000000E+00  60.11300     101300
  -11209.81     -16372.63     0.0000000E+00 0.0000000E+00 -202.2578     011300
  0.0000000E+00 0.0000000E+00 -10295.62     -10334.31     0.0000000E+00 002300
  -8372.385     -7791.458     0.0000000E+00 0.0000000E+00 -2722.690     200201
  -11902.87     -11944.83     0.0000000E+00 0.0000000E+00 -2968.925     110201
  -4052.857     -4236.117     0.0000000E+00 0.0000000E+00 -828.9821     020201
  0.0000000E+00 0.0000000E+00 -7468.266     -8056.132     0.0000000E+00 101201
  0.0000000E+00 0.0000000E+00 -4696.208     -5341.565     0.0000000E+00 011201
   3988.056      3841.927     0.0000000E+00 0.0000000E+00  1546.957     002201
  0.0000000E+00 0.0000000E+00  58.79417     -123.3775     0.0000000E+00 200102
  0.0000000E+00 0.0000000E+00 -252.1916     -446.2204     0.0000000E+00 110102
  0.0000000E+00 0.0000000E+00 -187.7933     -243.4283     0.0000000E+00 020102
   2215.967      1031.585     0.0000000E+00 0.0000000E+00  1125.394     101102
   1672.249      966.0180     0.0000000E+00 0.0000000E+00  810.1974     011102
  0.0000000E+00 0.0000000E+00  70.44404     -226.0568     0.0000000E+00 002102
   51.15919      28.48648     0.0000000E+00 0.0000000E+00  41.80189     200003
   47.88555      2.545030     0.0000000E+00 0.0000000E+00  86.62649     110003
   13.22571     -9.659456     0.0000000E+00 0.0000000E+00  42.94589     020003
  0.0000000E+00 0.0000000E+00 -379.4959     -183.9162     0.0000000E+00 101003
  0.0000000E+00 0.0000000E+00 -247.9081     -156.0053     0.0000000E+00 011003
  -129.1606     -77.09697     0.0000000E+00 0.0000000E+00 -20.94977     002003
  -3300.006     -4235.668     0.0000000E+00 0.0000000E+00  102.9797     100400
  -1822.512     -2337.668     0.0000000E+00 0.0000000E+00  33.23415     010400
  0.0000000E+00 0.0000000E+00 -2581.577     -2548.719     0.0000000E+00 001400
  0.0000000E+00 0.0000000E+00 -1131.837     -1211.309     0.0000000E+00 100301
  0.0000000E+00 0.0000000E+00 -893.4007     -959.5180     0.0000000E+00 010301
   1968.619      1974.337     0.0000000E+00 0.0000000E+00  434.6786     001301
   632.7140      484.6680     0.0000000E+00 0.0000000E+00  245.4061     100202
   465.3010      366.0329     0.0000000E+00 0.0000000E+00  176.6023     010202
  0.0000000E+00 0.0000000E+00 -56.85660     -228.2782     0.0000000E+00 001202
  0.0000000E+00 0.0000000E+00 -291.8677     -207.0774     0.0000000E+00 100103
  0.0000000E+00 0.0000000E+00 -192.6913     -163.6396     0.0000000E+00 010103
  -62.07436     -50.85911     0.0000000E+00 0.0000000E+00 -26.02068     001103
  -20.17447     -8.726241     0.0000000E+00 0.0000000E+00 -8.618542     100004
  -14.75923     -8.059192     0.0000000E+00 0.0000000E+00 -6.416899     010004
  0.0000000E+00 0.0000000E+00  25.16242      12.58375     0.0000000E+00 001004
  0.0000000E+00 0.0000000E+00 -357.2691     -305.6931     0.0000000E+00 000500
   251.2511      245.4518     0.0000000E+00 0.0000000E+00  49.32055     000401
  0.0000000E+00 0.0000000E+00 -12.74525     -59.08640     0.0000000E+00 000302
  -1.187790     -6.970028     0.0000000E+00 0.0000000E+00 -5.036314     000203
  0.0000000E+00 0.0000000E+00  6.961461      5.613074     0.0000000E+00 000104
   2.499554     0.3040283     0.0000000E+00 0.0000000E+00  1.619618     000005