 -0.7591216     -2.477360     0.0000000E+00 0.0000000E+00 -1.559440     100000
 -0.2070907E-02 -1.324070     0.0000000E+00 0.0000000E+00 -1.090128     010000
  0.0000000E+00 0.0000000E+00 -3.722266    -0.8080667     0.0000000E+00 001000
  0.0000000E+00 0.0000000E+00 -0.3860101    -0.3524525     0.0000000E+00 000100
  0.0000000E+00 0.0000000E+00 0.0000000E+00 0.0000000E+00  1.000000     000010
  0.8243099     0.6358302     0.0000000E+00 0.0000000E+00 0.6392818     000001
   5.998795     -16.54986     0.0000000E+00 0.0000000E+00 -18.72942     200000
  -1.473090     -25.82402     0.0000000E+00 0.0000000E+00 -21.03311     110000
  -3.563151     -10.37872     0.0000000E+00 0.0000000E+00 -6.293530     020000
  0.0000000E+00 0.0000000E+00 -100.5166     -26.63086     0.0000000E+00 101000
  0.0000000E+00 0.0000000E+00 -58.91917     -22.11798     0.0000000E+00 011000
   13.15920      31.15254     0.0000000E+00 0.0000000E+00  5.451026     002000
  0.0000000E+00 0.0000000E+00 -46.71264     -3.384868     0.0000000E+00 100100
  0.0000000E+00 0.0000000E+00 -25.36898     -2.222136     0.0000000E+00 010100
  -9.230798      3.002865     0.0000000E+00 0.0000000E+00  7.261368     001100
  0.5130150     -1.679645     0.0000000E+00 0.0000000E+00  2.117076     100001
  0.4366265E-02 -0.8851408     0.0000000E+00 0.0000000E+00  1.756319     010001
  0.0000000E+00 0.0000000E+00 -5.125420     -7.485841     0.0000000E+00 001001
  -3.052520     0.2174227E-01 0.0000000E+00 0.0000000E+00  1.760517     000200
  0.0000000E+00 0.0000000E+00  1.058076    -0.6129273E-01 0.0000000E+00 000101
 -0.9406591    -0.5485867     0.0000000E+00 0.0000000E+00 -0.5836855     000002
  -435.3760     -511.0426     0.0000000E+00 0.0000000E+00 -138.6863     300000
  -847.1684     -963.0814     0.0000000E+00 0.0000000E+00 -248.0444     210000
  -535.9152     -593.3145     0.0000000E+00 0.0000000E+00 -148.2553     120000
  -111.9213     -121.5877     0.0000000E+00 0.0000000E+00 -30.22161     030000
  0.0000000E+00 0.0000000E+00 -502.9640     -820.1166     0.0000000E+00 201000
  0.0000000E+00 0.0000000E+00 -605.6001     -1000.470     0.0000000E+00 111000
  0.0000000E+00 0.0000000E+00 -176.7620     -293.8091     0.0000000E+00 021000
   1249.104      1656.570     0.0000000E+00 0.0000000E+00 -13.22288     102000
   680.8813      909.5694     0.0000000E+00 0.0000000E+00  6.708602     012000
  0.0000000E+00 0.0000000E+00  443.2886      362.0159     0.0000000E+00 003000
  0.0000000E+00 0.0000000E+00 -227.8411     -329.6851     0.0000000E+00 200100
  0.0000000E+00 0.0000000E+00 -320.2467     -461.4176     0.0000000E+00 110100
  0.0000000E+00 0.0000000E+00 -109.6930     -153.1155     0.0000000E+00 020100
   945.3654      1172.584     0.0000000E+00 0.0000000E+00 -4.624820     101100
   564.0653      697.6622     0.0000000E+00 0.0000000E+00  10.37480     011100
  0.0000000E+00 0.0000000E+00  348.7588      238.1580     0.0000000E+00 002100
  -17.35494     -38.10684     0.0000000E+00 0.0000000E+00  25.79733     200001
  -18.30925     -33.92807     0.0000000E+00 0.0000000E+00  40.37273     110001
  -2.215556     -5.273775     0.0000000E+00 0.0000000E+00  15.43083     020001
  0.0000000E+00 0.0000000E+00 -154.2914     -202.5522     0.0000000E+00 101001
  0.0000000E+00 0.0000000E+00 -49.86146     -95.75631     0.0000000E+00 011001
  -13.26663     -1.897993     0.0000000E+00 0.0000000E+00 -16.02739     002001
   91.12726      102.7763     0.0000000E+00 0.0000000E+00  8.750265     100200
   63.52354      72.26228     0.0000000E+00 0.0000000E+00  7.478042     010200
  0.0000000E+00 0.0000000E+00  156.0521      76.80020     0.0000000E+00 001200
  0.0000000E+00 0.0000000E+00 -52.08565     -97.76078     0.0000000E+00 100101
  0.0000000E+00 0.0000000E+00 -13.53197     -48.84896     0.0000000E+00 010101
  0.3973114     -3.224849     0.0000000E+00 0.0000000E+00 -11.22743     001101
  -3.845729     -1.409704     0.0000000E+00 0.0000000E+00 -2.816144     100002
  -2.080295    -0.6735432     0.0000000E+00 0.0000000E+00 -2.419194     010002
  0.0000000E+00 0.0000000E+00  9.651874      7.810053     0.0000000E+00 001002
  0.0000000E+00 0.0000000E+00  16.93667      3.011946     0.0000000E+00 000300
   5.891210      3.967063     0.0000000E+00 0.0000000E+00 -3.310002     000201
  0.0000000E+00 0.0000000E+00 0.9605693      2.316834     0.0000000E+00 000102
   1.223548     0.5582556     0.0000000E+00 0.0000000E+00 0.7119760     000003
  -5775.967     -5447.005     0.0000000E+00 0.0000000E+00 -1556.525     400000
  -12645.08     -11730.72     0.0000000E+00 0.0000000E+00 -3706.940     310000
  -10375.61     -9432.747     0.0000000E+00 0.0000000E+00 -3321.198     220000
  -3778.013     -3360.586     0.0000000E+00 0.0000000E+00 -1340.517     130000
  -517.3667     -450.7759     0.0000000E+00 0.0000000E+00 -207.6957     040000
  0.0000000E+00 0.0000000E+00 -2352.244     -3599.145     0.0000000E+00 301000
  0.0000000E+00 0.0000000E+00 -1131.635     -2796.677     0.0000000E+00 211000
  0.0000000E+00 0.0000000E+00  942.8033      204.5753     0.0000000E+00 121000
  0.0000000E+00 0.0000000E+00  433.5923      341.5798     0.0000000E+00 031000
   9291.005      15752.06     0.0000000E+00 0.0000000E+00  1730.314     202000
   9265.120      15928.36     0.0000000E+00 0.0000000E+00  1930.502     112000
   2519.736      4260.616     0.0000000E+00 0.0000000E+00  559.9651     022000
  0.0000000E+00 0.0000000E+00  17563.38      17282.12     0.0000000E+00 103000
  0.0000000E+00 0.0000000E+00  9195.725      9166.525     0.0000000E+00 013000
  -2005.865     -3050.851     0.0000000E+00 0.0000000E+00 -142.2554     004000
  0.0000000E+00 0.0000000E+00 -2718.449     -3302.574     0.0000000E+00 300100
  0.0000000E+00 0.0000000E+00 -3431.524     -4188.072     0.0000000E+00 210100
  0.0000000E+00 0.0000000E+00 -1268.973     -1576.364     0.0000000E+00 120100
  0.0000000E+00 0.0000000E+00 -131.9191     -159.3562     0.0000000E+00 030100
   14933.54      21678.92     0.0000000E+00 0.0000000E+00  1175.781     201100
   15183.16      22265.99     0.0000000E+00 0.0000000E+00  1374.783     111100
   3957.466      5845.781     0.0000000E+00 0.0000000E+00  421.8661     021100
  0.0000000E+00 0.0000000E+00  11205.86      14002.58     0.0000000E+00 102100
  0.0000000E+00 0.0000000E+00  6039.599      7562.437     0.0000000E+00 012100
  -3345.022     -4498.293     0.0000000E+00 0.0000000E+00 -127.9563     003100
   417.2048      34.41225     0.0000000E+00 0.0000000E+00  333.5775     300001
   1234.960      552.2241     0.0000000E+00 0.0000000E+00  711.2679     210001
   1058.588      645.6026     0.0000000E+00 0.0000000E+00  488.6014     120001
   279.6795      194.7561     0.0000000E+00 0.0000000E+00  110.9902     030001
  0.0000000E+00 0.0000000E+00 -160.0111     -222.3409     0.0000000E+00 201001
  0.0000000E+00 0.0000000E+00  54.36264      121.7572     0.0000000E+00 111001
  0.0000000E+00 0.0000000E+00  69.42307      133.9118     0.0000000E+00 021001
  -505.0394      26.08642     0.0000000E+00 0.0000000E+00 -635.3716     102001
  -457.4874     -252.3267     0.0000000E+00 0.0000000E+00 -378.7838     012001
  0.0000000E+00 0.0000000E+00 -148.4526      176.4412     0.0000000E+00 003001
   5498.883      7079.346     0.0000000E+00 0.0000000E+00  55.11630     200200
   5974.414      7628.651     0.0000000E+00 0.0000000E+00  71.95446     110200
   1634.550      2072.805     0.0000000E+00 0.0000000E+00  28.73389     020200
  0.0000000E+00 0.0000000E+00  2878.040      4662.967     0.0000000E+00 101200
  0.0000000E+00 0.0000000E+00  1686.355      2652.454     0.0000000E+00 011200
  -2683.771     -3348.328     0.0000000E+00 0.0000000E+00 -115.4484     002200
  0.0000000E+00 0.0000000E+00  111.1729      119.0614     0.0000000E+00 200101
  0.0000000E+00 0.0000000E+00  328.0582      379.8881     0.0000000E+00 110101
  0.0000000E+00 0.0000000E+00  161.9539      189.0876     0.0000000E+00 020101
  -1449.088     -1311.342     0.0000000E+00 0.0000000E+00 -420.3727     101101
  -1044.665     -998.8032     0.0000000E+00 0.0000000E+00 -268.9915     011101
  0.0000000E+00 0.0000000E+00 -237.9131      27.98302     0.0000000E+00 002101
   1.130817      17.18213     0.0000000E+00 0.0000000E+00 -32.22530     200002
   11.23457      37.02097     0.0000000E+00 0.0000000E+00 -61.26616     110002
   2.960942      13.45286     0.0000000E+00 0.0000000E+00 -27.49501     020002
  0.0000000E+00 0.0000000E+00  256.4152      180.8090     0.0000000E+00 101002
  0.0000000E+00 0.0000000E+00  143.6284      133.1148     0.0000000E+00 011002
   45.41412      20.18473     0.0000000E+00 0.0000000E+00  20.78901     002002
  0.0000000E+00 0.0000000E+00  855.9674      995.7989     0.0000000E+00 100300
  0.0000000E+00 0.0000000E+00  491.4245      571.5186     0.0000000E+00 010300
  -746.4019     -884.0898     0.0000000E+00 0.0000000E+00 -50.76635     001300
  -345.7160     -358.1891     0.0000000E+00 0.0000000E+00 -56.65706     100201
  -229.1317     -232.1917     0.0000000E+00 0.0000000E+00 -44.12241     010201
  0.0000000E+00 0.0000000E+00 -99.06460      64.73927     0.0000000E+00 001201
  0.0000000E+00 0.0000000E+00  154.5513      151.5471     0.0000000E+00 100102
  0.0000000E+00 0.0000000E+00  83.98957      103.0293     0.0000000E+00 010102
   16.83028      15.85978     0.0000000E+00 0.0000000E+00  18.45696     001102
   9.835146      4.770671     0.0000000E+00 0.0000000E+00  4.484463     100003
   6.543876      3.648247     0.0000000E+00 0.0000000E+00  3.606074     010003
  0.0000000E+00 0.0000000E+00 -15.10081     -9.043308     0.0000000E+00 001003
  -70.92959     -78.66287     0.0000000E+00 0.0000000E+00 -7.430309     000400
  0.0000000E+00 0.0000000E+00 -22.55191      10.76077     0.0000000E+00 000301
  -4.648385     -1.489174     0.0000000E+00 0.0000000E+00  4.246475     000202
  0.0000000E+00 0.0000000E+00 -3.479876     -3.900785     0.0000000E+00 000103
  -1.705978    -0.4966154     0.0000000E+00 0.0000000E+00 -1.032363     000004
  -29393.57     -15855.80     0.0000000E+00 0.0000000E+00 -16694.75     500000
  -74721.40     -34698.06     0.0000000E+00 0.0000000E+00 -49651.64     410000
  -75447.94     -27720.49     0.0000000E+00 0.0000000E+00 -59405.36     320000
  -38030.72     -9399.351     0.0000000E+00 0.0000000E+00 -35869.52     230000
  -9704.811     -1073.198     0.0000000E+00 0.0000000E+00 -10964.69     140000
  -1028.169      17.90420     0.0000000E+00 0.0000000E+00 -1361.802     050000
  0.0000000E+00 0.0000000E+00  81527.99      85747.63     0.0000000E+00 401000
  0.0000000E+00 0.0000000E+00  189278.5      198117.0     0.0000000E+00 311000
  0.0000000E+00 0.0000000E+00  162006.7      169457.1     0.0000000E+00 221000
  0.0000000E+00 0.0000000E+00  60680.56      63537.91     0.0000000E+00 131000
  0.0000000E+00 0.0000000E+00  8389.359      8783.522     0.0000000E+00 041000
  -15340.42     -20702.14     0.0000000E+00 0.0000000E+00  30756.90     302000
   13175.89     -2641.961     0.0000000E+00 0.0000000E+00  53065.37     212000
   30167.76      17747.11     0.0000000E+00 0.0000000E+00  31459.45     122000
   10188.24      7338.520     0.0000000E+00 0.0000000E+00  6436.705     032000
  0.0000000E+00 0.0000000E+00  450157.7      348535.8     0.0000000E+00 203000
  0.0000000E+00 0.0000000E+00  462139.9      358319.1     0.0000000E+00 113000
  0.0000000E+00 0.0000000E+00  119176.4      92457.16     0.0000000E+00 023000
  -70548.56     -120308.6     0.0000000E+00 0.0000000E+00 -9657.100     104000
  -43527.99     -70040.93     0.0000000E+00 0.0000000E+00 -4841.928     014000
  0.0000000E+00 0.0000000E+00 -9940.929     -13295.05     0.0000000E+00 005000
  0.0000000E+00 0.0000000E+00  27559.01      28209.46     0.0000000E+00 400100
  0.0000000E+00 0.0000000E+00  67696.63      68981.69     0.0000000E+00 310100
  0.0000000E+00 0.0000000E+00  60229.71      61212.97     0.0000000E+00 220100
  0.0000000E+00 0.0000000E+00  23118.82      23418.99     0.0000000E+00 130100
  0.0000000E+00 0.0000000E+00  3217.794      3235.514     0.0000000E+00 040100
  -85960.61     -74793.47     0.0000000E+00 0.0000000E+00  37275.87     301100
  -127816.5     -114187.7     0.0000000E+00 0.0000000E+00  62575.81     211100
  -58590.40     -53182.77     0.0000000E+00 0.0000000E+00  35680.20     121100
  -7649.833     -6888.804     0.0000000E+00 0.0000000E+00  6963.425     031100
  0.0000000E+00 0.0000000E+00  394428.8      306272.2     0.0000000E+00 202100
  0.0000000E+00 0.0000000E+00  399000.6      306626.4     0.0000000E+00 112100
  0.0000000E+00 0.0000000E+00  102163.6      77599.32     0.0000000E+00 022100
  -25526.72     -78639.38     0.0000000E+00 0.0000000E+00 -10829.25     103100
  -20179.92     -49581.88     0.0000000E+00 0.0000000E+00 -7006.117     013100
  0.0000000E+00 0.0000000E+00 -48173.18     -41865.84     0.0000000E+00 004100
   11344.77      5145.923     0.0000000E+00 0.0000000E+00  4051.361     400001
   32068.22      17295.27     0.0000000E+00 0.0000000E+00  10769.98     310001
   32298.28      18964.00     0.0000000E+00 0.0000000E+00  10651.50     220001
   13970.48      8551.815     0.0000000E+00 0.0000000E+00  4692.121     130001
   2216.338      1378.031     0.0000000E+00 0.0000000E+00  785.7446     040001
  0.0000000E+00 0.0000000E+00 -13657.51     -14096.97     0.0000000E+00 301001
  0.0000000E+00 0.0000000E+00 -26975.01     -26048.70     0.0000000E+00 211001
  0.0000000E+00 0.0000000E+00 -18868.51     -17545.64     0.0000000E+00 121001
  0.0000000E+00 0.0000000E+00 -4476.749     -4139.578     0.0000000E+00 031001
   17056.43      29274.13     0.0000000E+00 0.0000000E+00 -10877.37     202001
   15366.08      25920.65     0.0000000E+00 0.0000000E+00 -12725.37     112001
   2775.253      5120.754     0.0000000E+00 0.0000000E+00 -3776.470     022001
  0.0000000E+00 0.0000000E+00 -15448.96      1360.870     0.0000000E+00 103001
  0.0000000E+00 0.0000000E+00 -12016.16     -2877.489     0.0000000E+00 013001
  -347.6111     -1560.423     0.0000000E+00 0.0000000E+00  2263.847     004001
  -33769.30     -27624.87     0.0000000E+00 0.0000000E+00  11415.15     300200
  -61236.56     -51910.00     0.0000000E+00 0.0000000E+00  19280.51     210200
  -35914.13     -31068.33     0.0000000E+00 0.0000000E+00  10972.72     120200
  -6804.006     -5936.949     0.0000000E+00 0.0000000E+00  2120.881     030200
  0.0000000E+00 0.0000000E+00  50402.09      45078.69     0.0000000E+00 201200
  0.0000000E+00 0.0000000E+00  43279.56      37197.11     0.0000000E+00 111200
  0.0000000E+00 0.0000000E+00  9341.558      7420.432     0.0000000E+00 021200
  -21987.33     -50000.21     0.0000000E+00 0.0000000E+00 -2671.323     102200
  -13890.57     -29565.09     0.0000000E+00 0.0000000E+00 -2255.478     012200
  0.0000000E+00 0.0000000E+00 -25787.77     -25911.97     0.0000000E+00 003200
  0.0000000E+00 0.0000000E+00 -1758.626     -2471.423     0.0000000E+00 300101
  0.0000000E+00 0.0000000E+00 -3820.473     -4594.501     0.0000000E+00 210101
  0.0000000E+00 0.0000000E+00 -3371.696     -3654.760     0.0000000E+00 120101
  0.0000000E+00 0.0000000E+00 -977.1926     -1046.335     0.0000000E+00 030101
  -4144.147      2668.349     0.0000000E+00 0.0000000E+00 -11647.76     201101
  -9122.370     -4868.352     0.0000000E+00 0.0000000E+00 -13374.95     111101
  -3865.893     -3481.421     0.0000000E+00 0.0000000E+00 -3926.278     021101
  0.0000000E+00 0.0000000E+00 -23068.66     -14194.53     0.0000000E+00 102101
  0.0000000E+00 0.0000000E+00 -14372.81     -10183.32     0.0000000E+00 012101
   1337.330      1027.970     0.0000000E+00 0.0000000E+00  2421.272     003101
  -686.3096     -6.172725     0.0000000E+00 0.0000000E+00 -688.9471     300002
  -2061.189     -448.6208     0.0000000E+00 0.0000000E+00 -1627.338     210002
  -1917.551     -714.7356     0.0000000E+00 0.0000000E+00 -1229.777     120002
  -560.6427     -271.0169     0.0000000E+00 0.0000000E+00 -303.4192     030002
  0.0000000E+00 0.0000000E+00  233.6208     -264.1036     0.0000000E+00 201002
  0.0000000E+00 0.0000000E+00  178.5365     -447.7542     0.0000000E+00 111002
  0.0000000E+00 0.0000000E+00  57.51210     -171.3872     0.0000000E+00 021002
   637.3494     -755.5419     0.0000000E+00 0.0000000E+00  953.2195     102002
   304.6067     -492.4388     0.0000000E+00 0.0000000E+00  736.0114     012002
  0.0000000E+00 0.0000000E+00 -112.6009     -238.8914     0.0000000E+00 003002
  0.0000000E+00 0.0000000E+00 -16432.70     -9935.801     0.0000000E+00 200300
  0.0000000E+00 0.0000000E+00 -19075.88     -12095.34     0.0000000E+00 110300
  0.0000000E+00 0.0000000E+00 -5400.585     -3570.030     0.0000000E+00 020300
  -20303.55     -29621.92     0.0000000E+00 0.0000000E+00  62.36019     101300
  -11202.86     -16356.82     0.0000000E+00 0.0000000E+00 -201.2925     011300
  0.0000000E+00 0.0000000E+00 -10265.22     -10302.35     0.0000000E+00 002300
  -8376.282     -7797.183     0.0000000E+00 0.0000000E+00 -2725.419     200201
  -11908.77     -11952.24     0.0000000E+00 0.0000000E+00 -2971.898     110201
  -4055.028     -4238.569     0.0000000E+00 0.0000000E+00 -829.8355     020201
  0.0000000E+00 0.0000000E+00 -7440.487     -8038.606     0.0000000E+00 101201
  0.0000000E+00 0.0000000E+00 -4680.247     -5330.964     0.0000000E+00 011201
   3991.394      3844.978     0.0000000E+00 0.0000000E+00  1547.282     002201
  0.0000000E+00 0.0000000E+00  61.02637     -121.8371     0.0000000E+00 200102
  0.0000000E+00 0.0000000E+00 -249.2809     -444.1061     0.0000000E+00 110102
  0.0000000E+00 0.0000000E+00 -186.9078     -242.7649     0.0000000E+00 020102
   2217.047      1032.302     0.0000000E+00 0.0000000E+00  1126.740     101102
   1673.510      966.8956     0.0000000E+00 0.0000000E+00  811.2992     011102
  0.0000000E+00 0.0000000E+00  69.39001     -226.9395     0.0000000E+00 002102
   51.51082      28.67217     0.0000000E+00 0.0000000E+00  41.89582     200003
   48.34768      2.780008     0.0000000E+00 0.0000000E+00  86.78363     110003
   13.37517     -9.595255     0.0000000E+00 0.0000000E+00  43.02352     020003
  0.0000000E+00 0.0000000E+00 -380.0987     -184.1146     0.0000000E+00 101003
  0.0000000E+00 0.0000000E+00 -248.4262     -156.2532     0.0000000E+00 011003
  -129.3244     -77.18190     0.0000000E+00 0.0000000E+00 -20.98163     002003
  -3294.806     -4227.990     0.0000000E+00 0.0000000E+00  103.1710     100400
  -1819.769     -2333.596     0.0000000E+00 0.0000000E+00  33.31262     010400
  0.0000000E+00 0.0000000E+00 -2576.621     -2542.894     0.0000000E+00 001400
  0.0000000E+00 0.0000000E+00 -1128.572     -1207.707     0.0000000E+00 100301
  0.0000000E+00 0.0000000E+00 -891.9307     -957.7392     0.0000000E+00 010301
   1968.174      1973.796     0.0000000E+00 0.0000000E+00  434.6534     001301
   632.5886      484.6747     0.0000000E+00 0.0000000E+00  245.6570     100202
   465.2898      366.0620     0.0000000E+00 0.0000000E+00  176.7881     010202
  0.0000000E+00 0.0000000E+00 -57.56291     -229.0335     0.0000000E+00 001202
  0.0000000E+00 0.0000000E+00 -292.2899     -207.3203     0.0000000E+00 100103
  0.0000000E+00 0.0000000E+00 -193.0312     -163.8956     0.0000000E+00 010103
  -62.15070     -50.90321     0.0000000E+00 0.0000000E+00 -26.07347     001103
  -20.24202     -8.739724     0.0000000E+00 0.0000000E+00 -8.652169     100004
  -14.81855     -8.078795     0.0000000E+00 0.0000000E+00 -6.443217     010004
  0.0000000E+00 0.0000000E+00  25.19786      12.59722     0.0000000E+00 001004
  0.0000000E+00 0.0000000E+00 -357.0972     -305.2875     0.0000000E+00 000500
   250.9666      245.1249     0.0000000E+00 0.0000000E+00  49.31769     000401
  0.0000000E+00 0.0000000E+00 -12.80332     -59.21417     0.0000000E+00 000302
  -1.201104     -6.985482     0.0000000E+00 0.0000000E+00 -5.043061     000203
  0.0000000E+00 0.0000000E+00  6.965824      5.616899     0.0000000E+00 000104
   2.505264     0.3032633     0.0000000E+00 0.0000000E+00  1.623272     000005