 -0.5925107     -3.315820      0.000000      0.000000     -1.179645     1000000
 -0.1542934E-08 -1.687733      0.000000      0.000000    -0.6241891     0100000
   0.000000      0.000000     -7.091623     -6.728948      0.000000     0010000
   0.000000      0.000000     0.3171377     0.1599074      0.000000     0001000
   0.000000      0.000000      0.000000      0.000000      1.000000     0000100
  0.3698387     0.7877243E-01  0.000000      0.000000     0.5111642     0000010
  0.3643626     0.7760605E-01  0.000000      0.000000    -0.5591257     0000001
   2.953522     -15.35233    -0.9025985E-14-0.8075843E-14 -7.160401     2000000
  0.1152267E-04 -16.82581    -0.8210989E-14-0.7295195E-14 -6.731651     1100000
 -0.8887053     -4.973407    -0.3316856E-14-0.3112906E-14 -1.769353     0200000
 -0.2267702E-14-0.9876907E-15 -96.57472     -92.21464    -0.1863575E-15 1010000
 -0.8482244E-15 0.1488074E-14 -45.23643     -45.27287     0.6169769E-15 0110000
   4.936949      24.16399    -0.1679784E-13-0.1488990E-13 -7.627629     0020000
 -0.4518943E-15 0.5281468E-15 -29.88786     -26.41315     0.1719945E-15 1001000
 -0.7458427E-15-0.1871566E-14 -11.49130     -9.899040    -0.6330801E-15 0101000
  -4.221101    -0.3285756    -0.7892178E-14-0.6910105E-14  1.673949     0011000
 -0.3856697     0.8773628    -0.8135071E-14-0.7634856E-14 0.1834962     0002000
  0.3014769     -2.531728      0.000000      0.000000     0.9827758     1000010
 -0.6720590E-09-0.8587399      0.000000      0.000000     0.6958381     0100010
   0.000000      0.000000    -0.1150527     -4.671034      0.000000     0010010
   0.000000      0.000000      1.966575      2.072296      0.000000     0001010
  0.2970130     -2.494241      0.000000      0.000000    -0.1767461     1000001
 -0.6621049E-09-0.8460246      0.000000      0.000000     0.7969355E-01 0100001
   0.000000      0.000000    -0.1133491     -4.601870      0.000000     0010001
   0.000000      0.000000      1.937456      2.041611      0.000000     0001001
 -0.3002351    -0.4067108E-01  0.000000      0.000000    -0.4088312     0000020
 -0.2326115    -0.3680784E-02  0.000000      0.000000     0.2181935     0000011
 -0.2940674    -0.4004161E-01  0.000000      0.000000     0.1036917     0000002
  -137.0626     -159.7068    -0.1194981E-12-0.1067180E-12 -31.02922     3000000
  -224.9289     -255.2510    -0.1546807E-12-0.1400503E-12 -50.63575     2100000
  -121.0548     -132.3885    -0.1067088E-12-0.9815002E-13 -26.96713     1200000
  -21.71518     -23.40838    -0.2724607E-13-0.2558136E-13 -5.024396     0300000
 -0.3458897E-13 0.8057897E-13 -768.6122     -809.4735    -0.1534361E-13 2010000
 -0.3604979E-13 0.8256908E-13 -735.7932     -784.5844    -0.9506090E-14 1110000
 -0.8358109E-14 0.3225573E-13 -179.4193     -190.9702    -0.4165880E-14 0210000
   191.8189      610.6769     0.8231645E-13 0.7059954E-13 -194.7015     1020000
   83.44201      259.3920     0.1019362E-12 0.8698993E-13 -92.54965     0120000
  0.5957905E-13 0.1218760E-12  174.1118      381.7496    -0.3582816E-13 0030000
 -0.4723122E-14 0.6759279E-14 -189.2450     -189.6417     0.4033740E-14 2001000
  0.1892927E-14-0.1079058E-13 -188.2826     -197.0949    -0.6026818E-14 1101000
 -0.1089487E-14-0.8238476E-14 -48.35286     -51.60135    -0.3256489E-14 0201000
   58.14500      208.6209     0.1175339E-12 0.1044431E-12 -52.89989     1011000
   29.68630      92.66405     0.1036233E-13 0.2468087E-14 -18.79030     0111000
  0.2913003E-13 0.4213596E-13 -30.42645     -39.99949    -0.1859229E-13 0021000
  -8.022703     -5.704920    -0.7644193E-13-0.7544305E-13  4.818665     1002000
  -1.918037    -0.8101100    -0.5134709E-13-0.5155402E-13  1.992398     0102000
  0.1513494E-13 0.4734993E-13  18.88854      22.87510    -0.1886945E-13 0012000
 -0.4086205E-14-0.1299963E-14 -3.746661     -4.114137     0.1677762E-14 0003000
  -18.43912     -25.51812    -0.1135231E-14-0.7030507E-14  5.102542     2000010
  -19.20775     -19.56762     0.4261065E-14-0.1517387E-14  7.288479     1100010
  -4.321448     -3.155547     0.1712006E-14-0.5439145E-15  2.547911     0200010
  0.2258393E-14 0.6863203E-15 -25.13860     -81.66209     0.4043709E-15 1010010
  0.1151970E-14 0.5385557E-15  14.13506     -10.02489    -0.8083050E-15 0110010
  -14.32821     -21.02750    -0.6900740E-14-0.1717137E-13  2.130625     0020010
  0.9114385E-15 0.2091938E-14  13.79338     -5.733452     0.4846040E-15 1001010
  0.9652071E-15-0.1726387E-14  12.18932      4.260340     0.1367830E-15 0101010
   1.715946     -3.379019     0.4369251E-14-0.1288772E-14  3.738226     0011010
   1.306635      1.073590     0.2288118E-14-0.3321557E-14-0.3319767     0002010
  -18.16609     -25.14027    -0.1118422E-14-0.6926407E-14 -1.922935     2000001
  -18.92335     -19.27788     0.4198001E-14-0.1494893E-14 0.6467816     1100001
  -4.257461     -3.108823     0.1686671E-14-0.5358469E-15 0.7928410     0200001
  0.2224953E-14 0.6761580E-15 -24.76637     -80.45293     0.1149380E-15 1010001
  0.1134938E-14 0.5305787E-15  13.92577     -9.876451    -0.3843609E-15 0110001
  -14.11606     -20.71615    -0.6798561E-14-0.1691712E-13 -5.304341     0020001
  0.8974847E-15 0.2062555E-14  13.58914     -5.648557     0.4777315E-15 1001001
  0.9509534E-15-0.1700839E-14  12.00883      4.197258    -0.4453610E-15 0101001
   1.690538     -3.328986     0.4304073E-14-0.1270130E-14  5.307619     0011001
   1.287288      1.057694     0.2254153E-14-0.3272407E-14-0.1489587     0002001
 -0.9384752     0.8724916      0.000000      0.000000     -1.130726     1000020
 -0.2728220     0.7094841      0.000000      0.000000    -0.8452167     0100020
   0.000000      0.000000      5.784510      8.715999      0.000000     0010020
   0.000000      0.000000     -1.772770    -0.6797531      0.000000     0001020
  -1.556543    -0.7381633      0.000000      0.000000    -0.2862841     1000011
 -0.5375646     0.5644600      0.000000      0.000000    -0.2966935     0100011
   0.000000      0.000000      11.28605      12.64015      0.000000     0010011
   0.000000      0.000000     -1.584275     0.6720052      0.000000     0001011
 -0.9130554     0.8650377      0.000000      0.000000    -0.1482101     1000002
 -0.2648025     0.6947998      0.000000      0.000000    -0.1512168     0100002
   0.000000      0.000000      5.615303      8.493361      0.000000     0010002
   0.000000      0.000000     -1.734792    -0.6746632      0.000000     0001002
  0.3248440     0.8961308E-01  0.000000      0.000000     0.3763296     0000030
  0.3719673     0.1847753      0.000000      0.000000    -0.1009072     0000021
  0.3708139     0.1826323      0.000000      0.000000     0.4997633E-02 0000012
  0.3149165     0.8627516E-01  0.000000      0.000000    -0.3042610E-01 0000003
  -1027.187     -437.7840     0.8824068E-08 0.8375388E-08 -238.2470     4000000
  -1775.786     -758.2762     0.1697604E-07 0.1615094E-07 -534.3389     3100000
  -1141.564     -467.6672     0.1239406E-07 0.1179752E-07 -433.2415     2200000
  -321.0147     -126.3720     0.4031710E-08 0.3838037E-08 -155.9594     1300000
  -33.79818     -14.26729     0.4920535E-09 0.4684222E-09 -21.59416     0400000
 -0.1814591E-09-0.8861106E-09 -6536.881     -6254.139    -0.3146488E-09 3010000
 -0.3141699E-09-0.2056759E-09 -8248.090     -7605.309    -0.5299138E-10 2110000
 -0.1580452E-09 0.1092722E-10 -3429.909     -2979.645     0.1546363E-10 1210000
 -0.2582042E-10 0.5648496E-11 -489.7245     -390.3178     0.3890298E-11 0310000
   1904.243      6824.216    -0.5313302E-09-0.4258760E-09 -2578.421     2020000
   1342.179      5348.044    -0.1107463E-09-0.8841450E-10 -2533.961     1120000
   192.8733      1021.524    -0.6021709E-11-0.4516364E-11 -626.7321     0220000
 -0.2124652E-10 0.4953074E-09  8615.076      16064.72     0.1844339E-09 1030000
 -0.2083382E-11 0.5018812E-10  3216.752      6622.965     0.1885013E-10 0130000
   202.3062     -234.9594     0.2827521E-09 0.2282844E-09  413.7233     0040000
  0.1426600E-08-0.4226147E-09 -2620.744     -2781.485    -0.2688543E-09 3001000
  0.2085108E-08-0.5204969E-09 -3544.560     -3776.772    -0.3569535E-09 2101000
  0.1017530E-08-0.2442782E-09 -1636.635     -1748.673    -0.1705904E-09 1201000
  0.1655726E-09-0.3945029E-10 -264.9747     -283.5395    -0.2764888E-10 0301000
   1739.655      4713.211     0.3185797E-10 0.4454734E-10 -914.9069     2011000
   1668.428      4082.018     0.1042564E-09 0.1020208E-09 -842.2071     1111000
   414.5580      917.8477     0.2903134E-10 0.2773816E-10 -194.1987     0211000
 -0.6283058E-11 0.1350329E-09  2140.296      4092.090     0.5027380E-10 1021000
 -0.7369559E-12 0.1415009E-10  853.2074      1553.969     0.5076874E-11 0121000
   51.29077      41.91365     0.1009824E-09 0.8138433E-10 -115.4193     0031000
   249.5409      610.4510    -0.4051402E-09-0.3851042E-09 -90.81931     2002000
   230.3146      503.8076    -0.3925076E-09-0.3736022E-09 -65.43481     1102000
   51.97136      103.3559    -0.9569855E-10-0.9111831E-10 -11.11751     0202000
  0.5149919E-11 0.1237242E-10  461.1693      342.3054     0.3239772E-11 1012000
  0.2712293E-11 0.1329915E-11  179.4891      133.1818    -0.1927264E-12 0112000
  -50.55715     -138.8344     0.1398626E-10 0.1195786E-10  24.98625     0022000
 -0.1090526E-10 0.3209237E-11  196.5541      215.2344     0.1896810E-11 1003000
 -0.5322621E-11 0.1418287E-11  74.02853      81.56849     0.8867715E-12 0103000
 -0.9737030     -9.613464    -0.1314709E-11-0.1385773E-11 -14.74682     0013000
  -1.858121     -3.352909     0.3186859E-11 0.3038398E-11-0.2832189     0004000
   34.14300     -79.72455    -0.4467279E-13-0.1201781E-12  11.38392     3000010
   163.3628     -15.77373     0.3109799E-13-0.6958030E-13  40.83455     2100010
   141.3166      44.48642     0.4233610E-13-0.2517657E-13  32.74974     1200010
   33.98201      15.88437     0.1696315E-13 0.2056477E-15  8.156121     0300010
  0.6288944E-13-0.4755405E-13  421.3939      182.7641     0.1085135E-14 2010010
  0.9454414E-13-0.7882399E-13  809.6035      653.7937     0.3481385E-14 1110010
  0.2869222E-13-0.2797194E-13  291.4857      271.6757     0.5270580E-15 0210010
  -572.3458     -799.5372    -0.4164867E-12-0.3367175E-12 -50.94077     1020010
  -337.8211     -529.6976    -0.2387880E-12-0.1531219E-12  33.46074     0120010
 -0.9591708E-13-0.1053102E-12 -748.5756     -676.0304    -0.1018416E-13 0030010
  0.2154627E-13 0.1001639E-13  122.5853      2.846017     0.7083031E-14 2001010
  0.8182509E-15-0.3192600E-13  216.3918      109.0670     0.9340139E-14 1101010
 -0.6091927E-14-0.1804985E-13  77.92912      52.54927     0.6291090E-14 0201010
  -91.04047     -331.4241    -0.1651245E-12-0.6855794E-13  96.27743     1011010
  -33.87144     -157.4877    -0.1724182E-12-0.1415939E-12  55.34388     0111010
 -0.9097861E-13-0.1397773E-12  93.42050     -95.74703     0.2311515E-13 0021010
   3.960319     -25.32281    -0.4652866E-13-0.8554764E-13  13.43646     1002010
   2.075474     -9.810773    -0.2755129E-14-0.2541521E-13  4.204782     0102010
 -0.5288989E-13-0.7832914E-13 -24.37745     -15.71324     0.1602701E-13 0012010
  0.1097666E-14-0.2817549E-14 -1.077479     -4.013711     0.5685822E-14 0003010
   33.63745     -78.54407    -0.3592964E-13-0.1110351E-12 -18.90177     3000001
   160.9439     -15.54017     0.4539266E-13-0.5518099E-13 -8.917425     2100001
   139.2241      43.82771     0.5009727E-13-0.1715185E-13  6.090368     1200001
   33.47884      15.64917     0.1830470E-13 0.1655562E-14  3.158649     0300001
  0.6030804E-13-0.4492137E-13  415.1543      180.0579    -0.1637059E-13 2010001
  0.9122823E-13-0.7541835E-13  797.6158      644.1130    -0.8053958E-14 1110001
  0.2771375E-13-0.2690399E-13  287.1696      267.6530    -0.3854025E-14 0210001
  -563.8711     -787.6985    -0.4246228E-12-0.3447793E-12 -239.1648     1020001
  -332.8191     -521.8544    -0.2434081E-12-0.1582948E-12 -56.86391     0120001
 -0.9406919E-13-0.1040741E-12 -737.4915     -666.0204    -0.4494969E-13 0030001
  0.2105748E-13 0.1008823E-13  120.7702      2.803876     0.1092665E-13 2001001
  0.6653756E-15-0.3110531E-13  213.1877      107.4520     0.3329920E-14 1101001
 -0.6006344E-14-0.1778126E-13  76.77523      51.77118     0.2826452E-14 0201001
  -89.69244     -326.5168    -0.1660741E-12-0.7063204E-13  43.50693     1011001
  -33.36990     -155.1558    -0.1716368E-12-0.1411140E-12  36.28644     0111001
 -0.8953673E-13-0.1377702E-12  92.03723     -94.32931     0.4572797E-14 0021001
   3.901679     -24.94786    -0.4604149E-13-0.8446590E-13  17.91453     1002001
   2.044743     -9.665505    -0.2565008E-14-0.2489880E-13  6.076353     0102001
 -0.5209455E-13-0.7716033E-13 -24.01650     -15.48057    -0.2687677E-14 0012001
  0.1211474E-14-0.2775823E-14 -1.061525     -3.954281     0.7143697E-14 0003001
   20.24171      14.94807     0.8496519E-14 0.1200109E-13 -4.026607     2000020
   27.13916      17.56733     0.4743945E-14 0.1140798E-13 -7.069845     1100020
   7.771548      3.999901    -0.3915592E-14-0.1221576E-14 -2.969833     0200020
 -0.3071133E-14-0.1631174E-14  133.9805      174.9342    -0.6503053E-15 1010020
 -0.1305649E-14-0.1423816E-14  43.32709      76.62042     0.1167441E-14 0110020
  -2.204305     -12.74057     0.1798708E-13 0.2117418E-13  13.86680     0020020
 -0.1059865E-14-0.1106556E-14  15.19815      35.49114    -0.7548857E-15 1001020
 -0.2282379E-14-0.4710225E-14 -2.705825      8.920849    -0.1778254E-14 0101020
   7.889262      17.03605     0.6487814E-14 0.1332997E-13 -5.101988     0011020
  -1.835286     -1.143830    -0.9433145E-14-0.3409297E-14-0.3924972     0002020
   21.98688      4.685455     0.1569037E-13 0.1683248E-13  2.176952     2000011
   34.83148      15.62199     0.1246824E-13 0.2031897E-13 0.4116397     1100011
   11.11853      4.818560    -0.5851513E-14-0.2635992E-14-0.8548275     0200011
 -0.3814386E-14-0.2695082E-14  239.5936      265.4262    -0.5963913E-15 1010011
 -0.1001992E-14-0.1751510E-14  99.09066      141.2416     0.5608515E-15 0110011
  -18.25037     -45.51326     0.2211649E-13 0.1963975E-13  31.67818     0020011
 -0.1070000E-14 0.1565913E-15  43.33416      64.36634    -0.6573844E-15 1001011
 -0.4134018E-14-0.1084779E-13  6.499499      21.71263    -0.3077355E-14 0101011
   17.21040      30.28789     0.1485392E-13 0.2309663E-13 -2.844316     0011011
  -2.347994     -1.211754    -0.1616808E-13-0.9729235E-14 -1.423082     0002011
   19.77921      14.69205     0.8253721E-14 0.1169751E-13  1.034931     2000002
   26.47944      17.19156     0.4482144E-14 0.1108926E-13 0.1496822     1100002
   7.574160      3.905001    -0.3811387E-14-0.1182053E-14-0.4395822     0200002
 -0.2996245E-14-0.1586083E-14  130.2228      170.3789    -0.3140616E-15 1010002
 -0.1273355E-14-0.1387424E-14  41.95193      74.44023     0.5996236E-15 0110002
  -2.036550     -12.21497     0.1750664E-13 0.2067517E-13  15.58844     0020002
 -0.1031967E-14-0.1084043E-14  14.65229      34.48909    -0.2725775E-15 1001002
 -0.2220974E-14-0.4558650E-14 -2.713879      8.628010    -0.1450811E-14 0101002
   7.645030      16.55956     0.6271743E-14 0.1295262E-13 -1.427784     0011002
  -1.790727     -1.117922    -0.9744253E-14-0.4036244E-14-0.6986003     0002002
   1.254972    -0.9481663      0.000000      0.000000      1.487267     1000030
  0.3513905     -1.052847      0.000000      0.000000      1.092972     0100030
   0.000000      0.000000     -10.73708     -10.40125      0.000000     0010030
   0.000000      0.000000     0.7361914    -0.9617583      0.000000     0001030
   1.883059     -1.072305      0.000000      0.000000      1.060145     1000021
  0.5089574     -1.722172      0.000000      0.000000     0.7388515     0100021
   0.000000      0.000000     -20.50369     -13.75499      0.000000     0010021
   0.000000      0.000000     -1.293712     -4.191879      0.000000     0001021
   1.868697     -1.069236      0.000000      0.000000     0.9078141     1000012
  0.5053422     -1.706959      0.000000      0.000000     0.5862393     0100012
   0.000000      0.000000     -20.28324     -13.67708      0.000000     0010012
   0.000000      0.000000     -1.248869     -4.119821      0.000000     0001012
   1.213366    -0.9192875      0.000000      0.000000     0.3522374     1000003
  0.3398743     -1.016903      0.000000      0.000000     0.2462419     0100003
   0.000000      0.000000     -10.34907     -10.06992      0.000000     0010003
   0.000000      0.000000     0.7292776    -0.9098239      0.000000     0001003
 -0.4140348    -0.1713580      0.000000      0.000000    -0.3776926     0000040
 -0.6770225    -0.4131601      0.000000      0.000000    -0.3378982E-02 0000031
 -0.8227575    -0.5222482      0.000000      0.000000    -0.1045175     0000022
 -0.6668207    -0.4042637      0.000000      0.000000    -0.6774555E-01 0000013
 -0.3969270    -0.1633177      0.000000      0.000000    -0.3053425E-02 0000004
  -687.3292      4833.218     0.1069452E-06 0.1063908E-06 -1126.331     5000000
  -2218.513      9723.031     0.2567684E-06 0.2571055E-06 -3119.053     4100000
  -3177.635      7311.532     0.2436649E-06 0.2460428E-06 -3386.547     3200000
  -2351.678      2324.792     0.1154356E-06 0.1176811E-06 -1840.427     2300000
  -873.7860      185.5246     0.2741775E-07 0.2823275E-07 -509.5276     1400000
  -128.9302     -31.23107     0.2616086E-08 0.2721290E-08 -58.41674     0500000
 -0.5142336E-07-0.4466678E-07 -15682.91     -469.7343     0.2655090E-07 4010000
 -0.9471493E-07-0.7664004E-07 -23760.38      8766.105     0.5450928E-07 3110000
 -0.6499100E-07-0.5210984E-07 -12372.00      13830.37     0.4080845E-07 2210000
 -0.1990205E-07-0.1661780E-07 -2745.115      6636.750     0.1327532E-07 1310000
 -0.2286065E-08-0.2028886E-08 -262.7059      993.8027     0.1606250E-08 0410000
  -10858.40      27239.26    -0.5925703E-07-0.5775011E-07 -31925.34     3020000
  -31431.84      15252.15    -0.6841056E-07-0.6457875E-07 -44448.00     2120000
  -22839.92     -3566.853    -0.3251189E-07-0.3020568E-07 -20777.31     1220000
  -4873.232     -2101.683    -0.5275872E-08-0.4876470E-08 -3303.687     0320000
  0.3985864E-08 0.7380149E-08  155816.9      302593.9     0.7769488E-10 2030000
  0.2169833E-08 0.3830816E-08  114565.8      249933.0     0.6768633E-09 1130000
  0.3197018E-09 0.2796270E-09  20585.36      52061.76     0.4419128E-10 0230000
   10415.94     -11542.75     0.6764925E-08 0.7872682E-08  27684.23     1040000
   7382.029     -1012.036    -0.8643992E-09-0.3695076E-09  11268.21     0140000
 -0.1502447E-08-0.1385109E-08  12100.55     -2556.461     0.8977482E-09 0050000
 -0.1057876E-07-0.1342478E-07 -11227.59     -10244.43    -0.1936608E-08 4001000
 -0.2366017E-07-0.2839769E-07 -19133.88     -16462.18    -0.3802007E-08 3101000
 -0.1933995E-07-0.2242002E-07 -12169.98     -9649.109    -0.2906543E-08 2201000
 -0.6913820E-08-0.7901054E-08 -3510.921     -2508.911    -0.1020122E-08 1301000
 -0.9140639E-09-0.1042755E-08 -405.9783     -263.9691    -0.1357642E-09 0401000
   13759.86      38456.21    -0.5252395E-07-0.5799612E-07 -13219.10     3011000
   15719.90      46960.02    -0.7170341E-07-0.8031893E-07 -18475.54     2111000
   5685.591      19244.90    -0.3554685E-07-0.3971104E-07 -8718.328     1211000
   662.7559      2710.377    -0.5949672E-08-0.6615572E-08 -1397.487     0311000
 -0.4952127E-08 0.1458039E-08  72522.23      139097.9     0.1276728E-08 2021000
 -0.5242582E-08 0.1449785E-08  54683.49      111196.2     0.1441443E-08 1121000
 -0.1328273E-08 0.2240421E-09  10190.45      22197.16     0.3191676E-09 0221000
   3137.047     -3390.556     0.3989415E-08 0.3952369E-08  5223.941     1031000
   1271.721     -1007.530    -0.2972549E-09-0.1464032E-09  1841.241     0131000
 -0.6555124E-09 0.3089832E-10 -8287.173     -4848.062     0.4280949E-09 0041000
   2814.752      6446.251    -0.2688827E-08-0.1748074E-08 -732.4255     3002000
   3945.433      8509.924    -0.4197048E-08-0.2953732E-08 -1072.467     2102000
   1852.299      3832.248    -0.2418041E-08-0.1842067E-08 -518.4779     1202000
   288.5229      583.7574    -0.4642785E-09-0.3745292E-09 -80.73575     0302000
 -0.2614161E-08 0.2905649E-08  2953.716      9686.134    -0.5275319E-09 2012000
 -0.2686393E-08 0.2940211E-08  2549.073      7259.431    -0.4809427E-09 1112000
 -0.6841729E-09 0.7136899E-09  481.8467      1266.108    -0.1169933E-09 0212000
  -1578.221     -2877.375     0.1740795E-08 0.1622861E-08  985.7978     1022000
  -651.4472     -1126.373     0.4239304E-09 0.4143195E-09  411.3706     0122000
 -0.1208423E-09 0.1247913E-09 -1433.695     -2443.185     0.8463306E-10 0032000
 -0.5908330E-09 0.3291584E-10 -629.9979     -927.5239     0.1070825E-09 2003000
 -0.5891439E-09 0.6595821E-10 -377.4523     -559.2106     0.1134161E-09 1103000
 -0.1470584E-09 0.2308517E-10 -42.77111     -63.25013     0.2965428E-10 0203000
  -802.2966     -1112.080     0.8128492E-09 0.8383890E-09  435.3360     1013000
  -410.3436     -526.3981     0.3950515E-09 0.4094002E-09  137.8225     0113000
  0.4396530E-11 0.3046090E-10 -1151.841     -695.0770     0.1942681E-12 0023000
   29.36158      89.48050     0.5002730E-10 0.4137749E-10 -47.89336     1004000
   8.482450      32.36177     0.3986535E-10 0.3574226E-10 -19.03918     0104000
  0.2535362E-11-0.1897140E-10 -188.1230     -184.1403     0.7339269E-11 0014000
  0.3132173E-11 0.1408446E-11 -6.892286     -3.794394    -0.3733814E-12 0005000
   330.4493     -976.2841    -0.3493492E-08 0.2291891E-08  103.2719     4000010
   634.1179     -2275.213    -0.1357215E-07-0.2100151E-08  423.4602     3100010
   288.3378     -2037.231    -0.1462373E-07-0.6028652E-08  482.4561     2200010
  -25.23598     -825.0926    -0.6282447E-08-0.3414299E-08  220.6389     1300010
  -25.39406     -124.6332    -0.9530108E-09-0.5940475E-09  36.99670     0400010
  0.6908664E-09-0.7088256E-09  7128.088      7365.320     0.2027540E-09 3010010
  0.1215595E-08 0.2362239E-09  13746.58      15056.96     0.9333815E-10 2110010
  0.6689584E-09 0.6435886E-10  7725.105      8694.998    -0.4579304E-10 1210010
  0.1192903E-09 0.9122396E-12  1368.055      1541.396    -0.1394503E-10 0310010
  -15017.79     -18195.01    -0.4721661E-09-0.7917440E-09 -515.5467     2020010
  -15425.44     -20404.89     0.9517859E-10-0.6866888E-11  1060.059     1120010
  -3774.943     -5302.353     0.1982033E-10 0.1173220E-10  642.0830     0220010
  0.4297085E-10 0.4092438E-09 -35972.27     -30502.73    -0.1525968E-09 1030010
  0.7417451E-11-0.3356882E-10 -16509.92     -16272.35    -0.4448341E-10 0130010
   2006.524      3389.272     0.2768557E-09 0.4438365E-09 -1769.277     0040010
 -0.1859097E-08-0.9496776E-09  3630.894      2864.532     0.1655277E-09 3001010
 -0.3498344E-08-0.1248305E-08  6755.160      5948.126     0.2967981E-09 2101010
 -0.2091445E-08-0.5378900E-09  3896.562      3619.224     0.1956755E-09 1201010
 -0.4030186E-09-0.7385848E-10  738.6792      702.9157     0.4166982E-10 0301010
  -4442.503     -7416.613    -0.2405110E-09-0.2330749E-09  582.7218     2011010
  -4864.377     -8403.352    -0.3024196E-09-0.2309842E-09  1151.248     1111010
  -1290.684     -2240.844    -0.9196166E-10-0.6980652E-10  404.2631     0211010
  0.2505092E-10-0.1101743E-09 -10482.61     -14995.75    -0.1245556E-09 1021010
  0.4615208E-11-0.3222961E-10 -4459.341     -7031.125    -0.2104341E-10 0121010
  -618.7928     -384.8975    -0.6617161E-10 0.2522634E-10  135.0983     0031010
  -361.1592     -988.5984     0.1014907E-09-0.1630479E-09  185.5171     2002010
  -406.4335     -1007.222     0.2411276E-09-0.2052468E-10  216.3232     1102010
  -112.8750     -249.7068     0.9463965E-10 0.2925524E-10  56.80622     0202010
 -0.1579566E-10-0.3336857E-10  377.1027     -517.0546    -0.1673807E-10 1012010
 -0.9798756E-11-0.6736740E-11  53.07151     -266.9138    -0.1360614E-11 0112010
   107.8839      161.6684    -0.3484037E-10-0.1813043E-10 -6.087984     0022010
  0.1205868E-10 0.6422143E-11 -241.3751     -111.4601    -0.9827048E-12 1003010
  0.7894946E-11 0.3200945E-11 -122.7074     -74.35805    -0.5138211E-12 0103010
  -38.22898     -22.65945     0.1687121E-11 0.1014851E-11 -2.790635     0013010
   1.709420      2.330295    -0.2121857E-12 0.1832509E-11  3.857680     0004010
   325.5563     -961.8283    -0.3441624E-08 0.2258088E-08 -129.5010     4000001
   624.7285     -2241.524    -0.1337090E-07-0.2068781E-08 -101.4421     3100001
   284.0684     -2007.066    -0.1440698E-07-0.5939177E-08  54.80591     2200001
  -24.86232     -812.8755    -0.6189353E-08-0.3363673E-08  65.99685     1300001
  -25.01805     -122.7877    -0.9388906E-09-0.5852421E-09  15.48949     0400001
  0.6805989E-09-0.6983087E-09  7022.543      7256.262    -0.1056365E-09 3010001
  0.1197542E-08 0.2327498E-09  13543.03      14834.01     0.4055344E-10 2110001
  0.6590296E-09 0.6341477E-10  7610.720      8566.252    -0.3008404E-10 1210001
  0.1175207E-09 0.8997636E-12  1347.798      1518.572    -0.9958001E-11 0310001
  -14795.42     -17925.60    -0.4655055E-09-0.7803195E-09 -3010.542     2020001
  -15197.04     -20102.76     0.9345736E-10-0.7049216E-11 -1415.113     1120001
  -3719.048     -5223.841     0.1945260E-10 0.1149008E-10  24.26619     0220001
  0.4238065E-10 0.4032460E-09 -35439.63     -30051.08     0.2863685E-10 1030001
  0.7332318E-11-0.3303357E-10 -16265.46     -16031.40    -0.2554975E-10 0130001
   1976.814      3339.087     0.2727739E-09 0.4372780E-09 -1341.518     0040001
 -0.1831572E-08-0.9355995E-09  3577.131      2822.117    -0.9787880E-10 3001001
 -0.3446547E-08-0.1229795E-08  6655.137      5860.053    -0.5406097E-10 2101001
 -0.2060478E-08-0.5299121E-09  3838.865      3565.635     0.2720132E-10 1201001
 -0.3970514E-09-0.7276302E-10  727.7416      692.5077     0.1421606E-10 0301001
  -4376.723     -7306.796    -0.2371326E-09-0.2297937E-09 -313.9201     2011001
  -4792.351     -8278.924    -0.2981210E-09-0.2277317E-09  316.7504     1111001
  -1271.573     -2207.664    -0.9064667E-10-0.6881725E-10  209.7868     0211001
  0.2469401E-10-0.1085504E-09 -10327.40     -14773.71    -0.7392419E-10 1021001
  0.4553484E-11-0.3175439E-10 -4393.312     -6927.016    -0.1580841E-10 0121001
  -609.6304     -379.1984    -0.6516850E-10 0.2487348E-10  21.07133     0031001
  -355.8115     -973.9602     0.9996581E-10-0.1606543E-09  94.62044     2002001
  -400.4155     -992.3077     0.2375344E-09-0.2024196E-10  149.6087     1102001
  -111.2037     -246.0094     0.9323228E-10 0.2881662E-10  45.17438     0202001
 -0.1555957E-10-0.3288098E-10  371.5190     -509.3986    -0.1334674E-10 1012001
 -0.9653240E-11-0.6640853E-11  52.28568     -262.9616    -0.1527335E-11 0112001
   106.2864      159.2745    -0.3431621E-10-0.1785450E-10  18.25395     0022001
  0.1187979E-10 0.6324984E-11 -237.8011     -109.8097     0.8722963E-12 1003001
  0.7777764E-11 0.3152603E-11 -120.8904     -73.25704     0.3548419E-12 0103001
  -37.66292     -22.32393     0.1660569E-11 0.9977308E-12 -17.06265     0013001
   1.684109      2.295791    -0.2088823E-12 0.1805620E-11  3.525666     0004001
  -166.9087     -155.8407     0.1938018E-12 0.2532424E-12 -11.77085     3000020
  -411.2143     -315.5476     0.2052563E-12 0.3451856E-12 -53.42739     2100020
  -313.3464     -219.6411     0.2918973E-13 0.1320981E-12 -49.88953     1200020
  -74.76158     -49.55740    -0.1395764E-13 0.1263472E-13 -13.95569     0300020
 -0.1621025E-12-0.9047167E-13  525.9501      1166.841     0.3323238E-13 2010020
 -0.2163726E-12-0.3658440E-13 -116.3663      573.4434     0.3343363E-13 1110020
 -0.6306707E-13 0.3764216E-13 -218.9804     -51.52757     0.4594221E-14 0210020
   254.4125     -140.8746     0.1292961E-12-0.1127553E-12  581.9993     1020020
   398.9298      348.0453     0.6957526E-13-0.1164207E-12  228.3604     0120020
 -0.5743843E-14-0.9213703E-13  1573.596      827.9774     0.8462198E-13 0030020
 -0.1642747E-13 0.2610122E-13  171.4007      356.4023    -0.1128921E-13 2001020
 -0.7261599E-14 0.8323845E-15 -11.94075      206.7623    -0.3165943E-13 1101020
 -0.9194872E-15-0.2503612E-14 -56.55949      6.033390    -0.1369538E-13 0201020
   173.9986      392.7284     0.1295879E-12-0.2718263E-13  53.45679     1011020
   107.5849      285.4050     0.1031704E-12-0.6015547E-14 -22.96198     0111020
  0.1068809E-12 0.1043811E-12  137.6015      315.0013     0.2597247E-13 0021020
   21.42112      87.88502    -0.4388255E-13-0.2003748E-13 -25.35111     1002020
   5.086932      38.38692    -0.4940845E-13-0.2741467E-13 -12.82971     0102020
  0.7012374E-13 0.1441516E-12 -29.52806    -0.1983440    -0.1185229E-13 0012020
  0.2119598E-14 0.1949166E-13  6.966693      9.630237    -0.3871482E-14 0003020
  -295.7353     -384.4475     0.3080001E-12 0.3583921E-12-0.2026578     3000011
  -651.6900     -637.0606     0.3769370E-12 0.5667099E-12 -24.54868     2100011
  -480.2508     -389.5991     0.6177307E-13 0.2063826E-12 -33.95236     1200011
  -114.3261     -82.22975    -0.1899665E-13 0.1986761E-13 -11.52093     0300011
 -0.2813861E-12-0.2367240E-12  1445.332      2476.519     0.6013191E-13 2010011
 -0.3580202E-12-0.1574489E-12  556.5191      1764.481     0.6436061E-13 1110011
 -0.1133826E-12 0.2785310E-13 -148.5585      162.1607     0.8282770E-14 0210011
  -54.23104     -1053.612    -0.2030879E-12-0.6069239E-12  1053.473     1020011
   458.1548      171.6563    -0.1140540E-12-0.4039378E-12  517.5728     0120011
 -0.8387637E-13-0.2317160E-12  2374.021      975.2764     0.1354904E-12 0030011
 -0.1127183E-13 0.6314075E-13  456.7075      705.0125    -0.7711960E-14 2001011
 -0.1340869E-13-0.2728553E-13  186.5031      513.2625    -0.4423539E-13 1101011
 -0.5954956E-14-0.2078725E-13 -35.80560      62.89271    -0.1498728E-13 0201011
   254.4801      452.1446     0.5689281E-13-0.1584082E-12  293.7458     1011011
   179.1080      409.4996     0.2502536E-13-0.1589610E-12  62.73026     0111011
  0.1263639E-12 0.8102484E-13  361.8025      527.7416     0.9279580E-13 0021011
   46.05178      148.5890    -0.1347636E-12-0.1245282E-12 -24.00697     1002011
   12.03769      66.11467    -0.1029276E-12-0.8084935E-13 -17.17438     0102011
  0.8489114E-13 0.2047950E-12 -81.84256     -15.64217     0.8518050E-14 0012011
  0.5572034E-14 0.3656114E-13  12.68127      15.07956     0.4035302E-14 0003011
  -162.2479     -150.6870     0.1891115E-12 0.2524141E-12-0.1849331     3000002
  -400.3007     -306.1588     0.1957393E-12 0.3419001E-12 -12.39142     2100002
  -305.1512     -213.5045     0.2368972E-13 0.1297802E-12 -16.96302     1200002
  -72.80818     -48.21482    -0.1487878E-13 0.1215914E-13 -5.734315     0300002
 -0.1561562E-12-0.8424410E-13  507.4619      1131.229     0.3167190E-13 2010002
 -0.2082859E-12-0.3200405E-13 -118.7634      551.8892     0.3488781E-13 1110002
 -0.6056162E-13 0.3741769E-13 -214.6382     -51.96516     0.4246926E-14 0210002
   251.0469     -130.9883     0.1339359E-12-0.1111287E-12  519.2824     1020002
   389.6310      341.6210     0.7474694E-13-0.1119958E-12  254.7043     0120002
 -0.5161898E-14-0.8916158E-13  1532.720      808.4971     0.7263522E-13 0030002
 -0.1562694E-13 0.2529230E-13  165.4815      345.9056    -0.3973775E-14 2001002
 -0.6525856E-14 0.9334829E-15 -13.14471      199.9009    -0.2163587E-13 1101002
 -0.7621009E-15-0.2540725E-14 -55.45693      5.478430    -0.7360149E-14 0201002
   169.5382      383.5659     0.1331969E-12-0.2239038E-13  144.0007     1011002
   104.6659      278.1473     0.1056434E-12-0.2048308E-14  30.50102     0111002
  0.1041646E-12 0.1023150E-12  132.8854      306.4300     0.4759596E-13 0021002
   20.76299      85.48364    -0.4242041E-13-0.1931330E-13 -11.92179     1002002
   4.922490      37.32905    -0.4824654E-13-0.2682972E-13 -8.490045     0102002
  0.7689769E-13 0.1537119E-12 -28.48492    -0.7960089E-01 0.2814702E-14 0012002
  0.1862487E-14 0.1867762E-13  6.769653      9.376002     0.1677003E-14 0003002
  -33.63671     -30.00355    -0.1728577E-13-0.1708141E-13  2.587334     2000030
  -45.93743     -35.53030    -0.1818528E-13-0.2262188E-13  5.650650     1100030
  -14.02550     -9.099432    -0.5156983E-14-0.1066572E-13  2.938696     0200030
  0.4086514E-14 0.2203085E-14 -252.1609     -242.2703     0.9145215E-15 1010030
  0.1916255E-14 0.3540988E-14 -124.1230     -145.6815    -0.1262495E-14 0110030
   50.50098      76.94312    -0.2830064E-13-0.2302130E-13 -30.54754     0020030
  0.1625544E-14  0.000000     -61.64828     -74.08088     0.1269556E-14 1001030
  0.3143421E-14-0.1951293E-14 -20.50630     -32.65414     0.1976147E-14 0101030
  -9.975008     -12.62558    -0.2017968E-13-0.2346621E-13 -1.409341     0011030
   1.260615    -0.3900546    -0.1382870E-13-0.2595996E-13  1.284678     0002030
  -59.85754     -59.29378    -0.3284616E-13-0.2358231E-13 -4.302235     2000021
  -82.81284     -70.62949    -0.4219482E-13-0.4067404E-13 -4.203684     1100021
  -26.30515     -19.08409    -0.2052153E-13-0.3071142E-13-0.7304261E-01 0200021
  0.8068606E-14 0.5597948E-14 -484.8358     -375.2912     0.1580142E-14 1010021
  0.4040017E-14 0.9140941E-14 -282.9515     -281.6928    -0.3674262E-15 0110021
   145.1865      202.9815    -0.5099734E-13-0.3244215E-13 -50.00485     0020021
  0.2789933E-14-0.4548329E-15 -152.9018     -149.9737     0.1015587E-14 1001021
  0.4420189E-14-0.1473452E-13 -66.03575     -79.25587     0.4884807E-15 0101021
  -14.19187     -4.196773    -0.4319410E-13-0.3980591E-13 -19.18157     0011021
  0.1443918     -3.388682    -0.5542938E-13-0.7809412E-13  2.668517     0002021
  -59.26411     -58.63337    -0.3249183E-13-0.2341452E-13 -3.196822     2000012
  -81.97872     -69.83824    -0.4173177E-13-0.4031495E-13 -3.943101     1100012
  -26.02781     -18.85934    -0.2027563E-13-0.3026473E-13-0.4800284     0200012
  0.7923876E-14 0.5495283E-14 -479.5851     -372.2571     0.1042014E-14 1010012
  0.4031231E-14 0.8917495E-14 -279.3830     -278.6240    -0.3727584E-15 0110012
   143.0669      200.1569    -0.5029129E-13-0.3210455E-13 -34.12150     0020012
  0.2759848E-14-0.4556210E-15 -150.8547     -148.2637     0.5921183E-15 1001012
  0.4603129E-14-0.1437802E-13 -65.01778     -78.21009    -0.1355738E-14 0101012
  -14.09493     -4.379828    -0.4256033E-13-0.3933193E-13 -20.25637     0011012
  0.1687690     -3.321953    -0.5396908E-13-0.7670687E-13  1.948688     0002012
  -32.45309     -28.90473    -0.1677055E-13-0.1670203E-13 -1.370148     2000003
  -44.31320     -34.22605    -0.1735340E-13-0.2178516E-13 -1.309919     1100003
  -13.52214     -8.758149    -0.4800166E-14-0.9845567E-14 0.1003898E-02 0200003
  0.3867288E-14 0.2051092E-14 -243.0244     -234.1524     0.3835931E-15 1010003
  0.1838070E-14 0.3400149E-14 -119.3026     -140.3915      0.000000     0110003
   48.32044      73.75379    -0.2732103E-13-0.2231868E-13 -16.38984     0020003
  0.1562962E-14  0.000000     -59.16390     -71.34175     0.2119468E-15 1001003
  0.3231918E-14-0.1388929E-14 -19.56923     -31.35085     0.1909534E-15 0101003
  -9.649962     -12.31457    -0.1939251E-13-0.2262690E-13 -6.158796     0011003
   1.231565    -0.3566755    -0.1301311E-13-0.2512515E-13 0.8711806     0002003
  -1.935979     0.7402783      0.000000      0.000000     -2.089250     1000040
 -0.4611258      1.358843      0.000000      0.000000     -1.465039     0100040
   0.000000      0.000000      14.60771      9.758728      0.000000     0010040
   0.000000      0.000000      1.009127      2.722178      0.000000     0001040
  -3.947965     0.1307651      0.000000      0.000000     -2.393209     1000031
 -0.7861653      2.268620      0.000000      0.000000     -1.480815     0100031
   0.000000      0.000000      26.13497      7.918884      0.000000     0010031
   0.000000      0.000000      6.171768      7.946999      0.000000     0001031
  -4.934342    -0.3191385      0.000000      0.000000     -2.512375     1000022
 -0.9185589      2.529482      0.000000      0.000000     -1.473442     0100022
   0.000000      0.000000      28.82228      5.129302      0.000000     0010022
   0.000000      0.000000      8.501789      9.740089      0.000000     0001022
  -3.872495     0.1551379      0.000000      0.000000     -1.660548     1000013
 -0.7742909      2.236971      0.000000      0.000000    -0.9750422     0100013
   0.000000      0.000000      25.74455      8.009527      0.000000     0010013
   0.000000      0.000000      5.983263      7.763657      0.000000     0001013
  -1.850339     0.7174669      0.000000      0.000000    -0.5878062     1000004
 -0.4418378      1.302346      0.000000      0.000000    -0.3653493     0100004
   0.000000      0.000000      13.98771      9.413345      0.000000     0010004
   0.000000      0.000000     0.9348079      2.584439      0.000000     0001004
  0.5749314     0.2844765      0.000000      0.000000     0.4111066     0000050
   1.210500     0.7321563      0.000000      0.000000     0.1646588     0000041
   1.730337      1.043321      0.000000      0.000000     0.3215114     0000032
   1.714590      1.033859      0.000000      0.000000     0.2839321     0000023
   1.178952     0.7108323      0.000000      0.000000     0.1566400     0000014
  0.5451388     0.2687810      0.000000      0.000000     0.3374640E-01 0000005