#Legendre coefficients for n,p differential scattering (l0=1 by convention)
Energy[eV]  l1           l2          l3           l4          l5           l6          l7          l8           l9           l10           l11
1.000000e+6 -2.297738e-1 1.171089e-1 -1.896327e-2 3.097774e-3 -4.708392e-4 3.605001e-5 0.000000e+0
1.010000e+6 -2.284631e-1 1.180493e-1 -1.924137e-2 3.166813e-3 -4.851764e-4 3.795090e-5 0.000000e+0
1.020000e+6 -2.271361e-1 1.189787e-1 -1.951900e-2 3.236365e-3 -4.996569e-4 3.992554e-5 0.000000e+0
1.030000e+6 -2.257929e-1 1.198971e-1 -1.979618e-2 3.306434e-3 -5.142734e-4 4.197524e-5 0.000000e+0
1.040000e+6 -2.244332e-1 1.208044e-1 -2.007291e-2 3.377023e-3 -5.290194e-4 4.410200e-5 0.000000e+0
1.050000e+6 -2.230571e-1 1.217008e-1 -2.034920e-2 3.448136e-3 -5.438879e-4 4.630714e-5 0.000000e+0
1.060000e+6 -2.216645e-1 1.225861e-1 -2.062505e-2 3.519775e-3 -5.588724e-4 4.859235e-5 0.000000e+0
1.070000e+6 -2.202552e-1 1.234603e-1 -2.090047e-2 3.591945e-3 -5.739665e-4 5.095861e-5 0.000000e+0
1.080000e+6 -2.188292e-1 1.243235e-1 -2.117546e-2 3.664648e-3 -5.891645e-4 5.340762e-5 0.000000e+0
1.090000e+6 -2.173863e-1 1.251757e-1 -2.145004e-2 3.737889e-3 -6.044603e-4 5.594073e-5 0.000000e+0
1.100000e+6 -2.159266e-1 1.260168e-1 -2.172421e-2 3.811670e-3 -6.198484e-4 5.855931e-5 0.000000e+0
1.110000e+6 -2.144934e-1 1.268522e-1 -2.199622e-2 3.885152e-3 -6.353241e-4 6.126439e-5 0.000000e+0
1.120000e+6 -2.130510e-1 1.276776e-1 -2.226751e-2 3.959025e-3 -6.508821e-4 6.405770e-5 0.000000e+0
1.130000e+6 -2.115994e-1 1.284930e-1 -2.253808e-2 4.033295e-3 -6.665192e-4 6.693958e-5 0.000000e+0
1.140000e+6 -2.101387e-1 1.292982e-1 -2.280795e-2 4.107965e-3 -6.822312e-4 6.991179e-5 0.000000e+0
1.150000e+6 -2.086686e-1 1.300934e-1 -2.307712e-2 4.183037e-3 -6.980157e-4 7.297467e-5 0.000000e+0
1.160000e+6 -2.071892e-1 1.308785e-1 -2.334559e-2 4.258515e-3 -7.138707e-4 7.613001e-5 0.000000e+0
1.170000e+6 -2.057003e-1 1.316535e-1 -2.361336e-2 4.334402e-3 -7.297947e-4 7.937782e-5 0.000000e+0
1.180000e+6 -2.042020e-1 1.324183e-1 -2.388046e-2 4.410703e-3 -7.457873e-4 8.271919e-5 0.000000e+0
1.190000e+6 -2.026940e-1 1.331731e-1 -2.414687e-2 4.487419e-3 -7.618492e-4 8.615486e-5 0.000000e+0
1.200000e+6 -2.011764e-1 1.339177e-1 -2.441260e-2 4.564555e-3 -7.886927e-4 8.968486e-5 -1.548949e-7 0.000000e+0
1.230000e+6 -1.967257e-1 1.361267e-1 -2.520015e-2 4.795271e-3 -8.433914e-4 1.008458e-4 -2.429973e-6 0.000000e+0
1.260000e+6 -1.922610e-1 1.382609e-1 -2.597912e-2 5.028356e-3 -8.996220e-4 1.128656e-4 -4.854243e-6 0.000000e+0
1.290000e+6 -1.877814e-1 1.403202e-1 -2.674960e-2 5.263888e-3 -9.574124e-4 1.257385e-4 -7.430094e-6 0.000000e+0
1.320000e+6 -1.832855e-1 1.423041e-1 -2.751170e-2 5.501948e-3 -1.016791e-3 1.394447e-4 -1.015929e-5 0.000000e+0
1.350000e+6 -1.787721e-1 1.442125e-1 -2.826550e-2 5.742616e-3 -1.077790e-3 1.539498e-4 -1.304442e-5 0.000000e+0
1.380000e+6 -1.742400e-1 1.460449e-1 -2.901109e-2 5.985976e-3 -1.140438e-3 1.692027e-4 -1.608782e-5 0.000000e+0
1.410000e+6 -1.696880e-1 1.478010e-1 -2.974856e-2 6.232117e-3 -1.204771e-3 1.851319e-4 -1.929192e-5 0.000000e+0
1.440000e+6 -1.651147e-1 1.494803e-1 -3.047800e-2 6.481125e-3 -1.270820e-3 2.016436e-4 -2.265892e-5 0.000000e+0
1.470000e+6 -1.605187e-1 1.510824e-1 -3.119947e-2 6.733094e-3 -1.338622e-3 2.186200e-4 -2.619184e-5 0.000000e+0
1.500000e+6 -1.558989e-1 1.526066e-1 -3.191307e-2 6.988118e-3 -1.408214e-3 2.286174e-4 -2.989348e-5 0.000000e+0
1.520000e+6 -1.529785e-1 1.536464e-1 -3.238020e-2 7.154139e-3 -1.453969e-3 2.396056e-4 -3.236494e-5 0.000000e+0
1.540000e+6 -1.500696e-1 1.546598e-1 -3.284324e-2 7.320811e-3 -1.500324e-3 2.508381e-4 -3.490091e-5 0.000000e+0
1.560000e+6 -1.471721e-1 1.556466e-1 -3.330221e-2 7.488153e-3 -1.547287e-3 2.623175e-4 -3.750248e-5 0.000000e+0
1.580000e+6 -1.442858e-1 1.566068e-1 -3.375710e-2 7.656182e-3 -1.594867e-3 2.740473e-4 -4.017000e-5 0.000000e+0
1.600000e+6 -1.414107e-1 1.575402e-1 -3.420792e-2 7.824918e-3 -1.643072e-3 2.860299e-4 -4.290459e-5 0.000000e+0
1.620000e+6 -1.385465e-1 1.584466e-1 -3.465466e-2 7.994380e-3 -1.691911e-3 2.982689e-4 -4.570704e-5 0.000000e+0
1.640000e+6 -1.356932e-1 1.593259e-1 -3.509733e-2 8.164585e-3 -1.741394e-3 3.107667e-4 -4.857774e-5 0.000000e+0
1.660000e+6 -1.328507e-1 1.601779e-1 -3.553592e-2 8.335555e-3 -1.791530e-3 3.235269e-4 -5.151788e-5 0.000000e+0
1.680000e+6 -1.300187e-1 1.610024e-1 -3.597043e-2 8.507309e-3 -1.842328e-3 3.365527e-4 -5.452791e-5 0.000000e+0
1.700000e+6 -1.271972e-1 1.617993e-1 -3.640087e-2 8.679867e-3 -1.893798e-3 3.498475e-4 -5.760905e-5 0.000000e+0
1.730000e+6 -1.230760e-1 1.630236e-1 -3.704029e-2 8.934885e-3 -1.970178e-3 3.698318e-4 -6.237556e-5 0.000000e+0
1.760000e+6 -1.190036e-1 1.642063e-1 -3.767074e-2 9.190308e-3 -2.047535e-3 3.903085e-4 -6.730812e-5 0.000000e+0
1.790000e+6 -1.149801e-1 1.653471e-1 -3.829215e-2 9.446163e-3 -2.125890e-3 4.112853e-4 -7.240978e-5 0.000000e+0
1.820000e+6 -1.110060e-1 1.664454e-1 -3.890446e-2 9.702479e-3 -2.205263e-3 4.327711e-4 -7.768247e-5 0.000000e+0
1.850000e+6 -1.070816e-1 1.675008e-1 -3.950760e-2 9.959284e-3 -2.285674e-3 4.547750e-4 -8.312937e-5 0.000000e+0
1.880000e+6 -1.032072e-1 1.685129e-1 -4.010150e-2 1.021661e-2 -2.367146e-3 4.773054e-4 -8.875336e-5 0.000000e+0
1.910000e+6 -9.938308e-2 1.694809e-1 -4.068609e-2 1.047448e-2 -2.449699e-3 5.003724e-4 -9.455740e-5 0.000000e+0
1.940000e+6 -9.560968e-2 1.704046e-1 -4.126128e-2 1.073294e-2 -2.533358e-3 5.239848e-4 -1.005446e-4 0.000000e+0
1.970000e+6 -9.188734e-2 1.712832e-1 -4.182699e-2 1.099201e-2 -2.618144e-3 5.481534e-4 -1.067179e-4 0.000000e+0
2.000000e+6 -8.821648e-2 1.721163e-1 -4.238315e-2 1.125172e-2 -2.704083e-3 5.728873e-4 -1.130808e-4 0.000000e+0
2.050000e+6 -8.218414e-2 1.735859e-1 -4.330792e-2 1.167719e-2 -2.844887e-3 6.138336e-4 -1.237576e-4 0.000000e+0
2.100000e+6 -7.629254e-2 1.749797e-1 -4.421080e-2 1.210172e-2 -2.987449e-3 6.559285e-4 -1.348700e-4 0.000000e+0
2.150000e+6 -7.054492e-2 1.762958e-1 -4.509128e-2 1.252530e-2 -3.131815e-3 6.992010e-4 -1.464289e-4 0.000000e+0
2.200000e+6 -6.494463e-2 1.775325e-1 -4.594883e-2 1.294792e-2 -3.278032e-3 7.436808e-4 -1.584453e-4 0.000000e+0
2.250000e+6 -5.949516e-2 1.786878e-1 -4.678291e-2 1.336956e-2 -3.426149e-3 7.893982e-4 -1.709307e-4 0.000000e+0
2.300000e+6 -5.420008e-2 1.797597e-1 -4.759297e-2 1.379021e-2 -3.576216e-3 8.363853e-4 -1.838971e-4 0.000000e+0
2.350000e+6 -4.906314e-2 1.807461e-1 -4.837841e-2 1.420986e-2 -3.728286e-3 8.846749e-4 -1.973568e-4 0.000000e+0
2.400000e+6 -4.408818e-2 1.816450e-1 -4.913866e-2 1.462849e-2 -3.882413e-3 9.343007e-4 -2.113220e-4 0.000000e+0
2.450000e+6 -3.927920e-2 1.824542e-1 -4.987307e-2 1.504609e-2 -4.038654e-3 9.852983e-4 -2.258069e-4 0.000000e+0
2.500000e+6 -3.464034e-2 1.831713e-1 -5.058100e-2 1.546263e-2 -4.197066e-3 1.037704e-3 -2.408243e-4 2.212045e-6 0.000000e+0
2.550000e+6 -2.989008e-2 1.840452e-1 -5.131039e-2 1.587266e-2 -4.350968e-3 1.088721e-3 -2.556483e-4 5.703814e-6 0.000000e+0
2.600000e+6 -2.526451e-2 1.848720e-1 -5.202121e-2 1.628023e-2 -4.505702e-3 1.140619e-3 -2.708744e-4 9.328453e-6 0.000000e+0
2.650000e+6 -2.076747e-2 1.856506e-1 -5.271288e-2 1.668522e-2 -4.661265e-3 1.193410e-3 -2.865112e-4 1.308877e-5 0.000000e+0
2.700000e+6 -1.640289e-2 1.863796e-1 -5.338481e-2 1.708749e-2 -4.817655e-3 1.247110e-3 -3.025660e-4 1.698764e-5 0.000000e+0
2.750000e+6 -1.217480e-2 1.870575e-1 -5.403640e-2 1.748691e-2 -4.974870e-3 1.301733e-3 -3.190469e-4 2.102798e-5 0.000000e+0
2.800000e+6 -8.087323e-3 1.876830e-1 -5.466704e-2 1.788336e-2 -5.132905e-3 1.357295e-3 -3.359631e-4 2.521321e-5 0.000000e+0
2.850000e+6 -4.144678e-3 1.882547e-1 -5.527609e-2 1.827670e-2 -5.291758e-3 1.413811e-3 -3.533222e-4 2.954593e-5 0.000000e+0
2.900000e+6 -3.511837e-4 1.887710e-1 -5.586289e-2 1.866678e-2 -5.451424e-3 1.471296e-3 -3.711332e-4 3.402922e-5 0.000000e+0
2.950000e+6  3.288740e-3 1.892306e-1 -5.642681e-2 1.905346e-2 -5.611900e-3 1.529766e-3 -3.894048e-4 3.866624e-5 0.000000e+0
3.000000e+6  6.770571e-3 1.896318e-1 -5.696714e-2 1.943659e-2 -5.773179e-3 1.589238e-3 -4.081456e-4 4.346065e-5 -9.175946e-6 0.000000e+0
3.100000e+6  1.423296e-2 1.907359e-1 -5.812458e-2 2.020825e-2 -6.091071e-3 1.705539e-3 -4.449833e-4 5.321505e-5 -1.193402e-5 0.000000e+0
3.200000e+6  2.137274e-2 1.917674e-1 -5.923473e-2 2.096967e-2 -6.409311e-3 1.823846e-3 -4.830102e-4 6.351298e-5 -1.484243e-5 0.000000e+0
3.300000e+6  2.816686e-2 1.927214e-1 -6.029418e-2 2.171962e-2 -6.727630e-3 1.944160e-3 -5.222530e-4 7.437374e-5 -1.790732e-5 0.000000e+0
3.400000e+6  3.459132e-2 1.935932e-1 -6.129934e-2 2.245683e-2 -7.045746e-3 2.066472e-3 -5.627393e-4 8.581647e-5 -2.113246e-5 0.000000e+0
3.500000e+6  4.062115e-2 1.943778e-1 -6.224648e-2 2.317997e-2 -7.363351e-3 2.190773e-3 -6.044950e-4 9.786054e-5 -2.452465e-5 0.000000e+0
3.600000e+6  4.623038e-2 1.950698e-1 -6.313172e-2 2.388763e-2 -7.680121e-3 2.317049e-3 -6.475462e-4 1.105255e-4 -2.808824e-5 0.000000e+0
3.700000e+6  5.139205e-2 1.956639e-1 -6.395106e-2 2.457834e-2 -7.995711e-3 2.445279e-3 -6.919187e-4 1.238312e-4 -3.182914e-5 0.000000e+0
3.800000e+6  5.607824e-2 1.961545e-1 -6.470031e-2 2.525056e-2 -8.309751e-3 2.575439e-3 -7.376363e-4 1.377968e-4 -3.575280e-5 0.000000e+0
3.900000e+6  6.026000e-2 1.965357e-1 -6.537515e-2 2.590267e-2 -8.621853e-3 2.707498e-3 -7.847226e-4 1.524428e-4 -3.986412e-5 0.000000e+0
4.000000e+6  6.390747e-2 1.968018e-1 -6.597111e-2 2.653301e-2 -8.931604e-3 2.841422e-3 -8.332005e-4 1.677892e-4 -4.416907e-5 0.000000e+0
4.100000e+6  6.900381e-2 1.973363e-1 -6.668664e-2 2.719015e-2 -9.239035e-3 2.971064e-3 -8.796928e-4 1.822023e-4 -4.842168e-5 0.000000e+0
4.200000e+6  7.393714e-2 1.978276e-1 -6.735750e-2 2.783229e-2 -9.543025e-3 3.101024e-3 -9.268308e-4 1.969814e-4 -5.281923e-5 0.000000e+0
4.300000e+6  7.869312e-2 1.982729e-1 -6.798066e-2 2.845784e-2 -9.843013e-3 3.231147e-3 -9.745850e-4 2.121239e-4 -5.736362e-5 0.000000e+0
4.400000e+6  8.325693e-2 1.986695e-1 -6.855300e-2 2.906521e-2 -1.013841e-2 3.361269e-3 -1.022922e-3 2.276278e-4 -6.205592e-5 0.000000e+0
4.500000e+6  8.761335e-2 1.990144e-1 -6.907133e-2 2.965269e-2 -1.042860e-2 3.491216e-3 -1.071804e-3 2.434890e-4 -6.689625e-5 0.000000e+0
4.600000e+6  9.174671e-2 1.993049e-1 -6.953243e-2 3.021857e-2 -1.071294e-2 3.620803e-3 -1.121190e-3 2.597038e-4 -7.188555e-5 0.000000e+0
4.700000e+6  9.564104e-2 1.995381e-1 -6.993301e-2 3.076107e-2 -1.099078e-2 3.749833e-3 -1.171036e-3 2.762653e-4 -7.702319e-5 0.000000e+0
4.800000e+6  9.927999e-2 1.997108e-1 -7.026977e-2 3.127836e-2 -1.126143e-2 3.878101e-3 -1.221292e-3 2.931657e-4 -8.230931e-5 0.000000e+0
4.900000e+6  1.026470e-1 1.998204e-1 -7.053938e-2 3.176858e-2 -1.152417e-2 4.005390e-3 -1.271905e-3 3.103965e-4 -8.774241e-5 0.000000e+0
5.000000e+6  1.057253e-1 1.998637e-1 -7.073850e-2 3.222984e-2 -1.177830e-2 4.131474e-3 -1.322818e-3 3.279473e-4 -9.332171e-5 0.000000e+0
5.100000e+6  1.097033e-1 2.001065e-1 -7.107368e-2 3.274680e-2 -1.204603e-2 4.258952e-3 -1.373119e-3 3.452168e-4 -9.880371e-5 0.000000e+0
5.200000e+6  1.136187e-1 2.003345e-1 -7.137652e-2 3.324990e-2 -1.230885e-2 4.385511e-3 -1.423480e-3 3.626798e-4 -1.043844e-4 0.000000e+0
5.300000e+6  1.174641e-1 2.005467e-1 -7.164526e-2 3.373797e-2 -1.256623e-2 4.510962e-3 -1.473845e-3 3.803237e-4 -1.100602e-4 0.000000e+0
5.400000e+6  1.212321e-1 2.007421e-1 -7.187812e-2 3.420977e-2 -1.281763e-2 4.635111e-3 -1.524154e-3 3.981361e-4 -1.158298e-4 0.000000e+0
5.500000e+6  1.249147e-1 2.009199e-1 -7.207331e-2 3.466406e-2 -1.306251e-2 4.757753e-3 -1.574344e-3 4.161019e-4 -1.216890e-4 0.000000e+0
5.600000e+6  1.285041e-1 2.010790e-1 -7.222903e-2 3.509955e-2 -1.330028e-2 4.878676e-3 -1.624349e-3 4.342057e-4 -1.276356e-4 0.000000e+0
5.700000e+6  1.319918e-1 2.012186e-1 -7.234347e-2 3.551494e-2 -1.353037e-2 4.997660e-3 -1.674100e-3 4.524316e-4 -1.336645e-4 0.000000e+0
5.800000e+6  1.353696e-1 2.013376e-1 -7.241483e-2 3.590891e-2 -1.375219e-2 5.114479e-3 -1.723526e-3 4.707617e-4 -1.397729e-4 0.000000e+0
5.900000e+6  1.386288e-1 2.014351e-1 -7.244132e-2 3.628010e-2 -1.396512e-2 5.228902e-3 -1.772550e-3 4.891761e-4 -1.459555e-4 0.000000e+0
6.000000e+6  1.417607e-1 2.015101e-1 -7.242118e-2 3.662717e-2 -1.416855e-2 5.340687e-3 -1.821093e-3 5.076547e-4 -1.522073e-4 0.000000e+0
6.100000e+6  1.452355e-1 2.016671e-1 -7.248635e-2 3.702245e-2 -1.438855e-2 5.457086e-3 -1.870747e-3 5.260805e-4 -1.584381e-4 0.000000e+0
6.200000e+6  1.486700e-1 2.018218e-1 -7.252931e-2 3.740680e-2 -1.460368e-2 5.572091e-3 -1.920180e-3 5.445356e-4 -1.647190e-4 0.000000e+0
6.300000e+6  1.520596e-1 2.019740e-1 -7.254913e-2 3.777943e-2 -1.481355e-2 5.685542e-3 -1.969339e-3 5.630045e-4 -1.710459e-4 0.000000e+0
6.400000e+6  1.553991e-1 2.021235e-1 -7.254491e-2 3.813954e-2 -1.501777e-2 5.797273e-3 -2.018166e-3 5.814688e-4 -1.774148e-4 0.000000e+0
6.500000e+6  1.586837e-1 2.022702e-1 -7.251577e-2 3.848632e-2 -1.521592e-2 5.907111e-3 -2.066603e-3 5.999124e-4 -1.838211e-4 0.000000e+0
6.600000e+6  1.619081e-1 2.024136e-1 -7.246078e-2 3.881894e-2 -1.540759e-2 6.014881e-3 -2.114589e-3 6.183157e-4 -1.902599e-4 0.000000e+0
6.700000e+6  1.650669e-1 2.025536e-1 -7.237907e-2 3.913654e-2 -1.559235e-2 6.120399e-3 -2.162058e-3 6.366586e-4 -1.967271e-4 0.000000e+0
6.800000e+6  1.681545e-1 2.026898e-1 -7.226973e-2 3.943828e-2 -1.576978e-2 6.223482e-3 -2.208947e-3 6.549223e-4 -2.032156e-4 0.000000e+0
6.900000e+6  1.711655e-1 2.028221e-1 -7.213191e-2 3.972328e-2 -1.593942e-2 6.323940e-3 -2.255188e-3 6.730858e-4 -2.097213e-4 0.000000e+0
7.000000e+6  1.740941e-1 2.029502e-1 -7.196473e-2 3.999067e-2 -1.610084e-2 6.421577e-3 -2.300710e-3 6.911254e-4 -2.162366e-4 0.000000e+0
7.100000e+6  1.772138e-1 2.031073e-1 -7.184566e-2 4.029182e-2 -1.627593e-2 6.524281e-3 -2.347237e-3 7.095050e-4 -2.228260e-4 0.000000e+0
7.200000e+6  1.803005e-1 2.032667e-1 -7.171153e-2 4.058470e-2 -1.644669e-2 6.625550e-3 -2.393326e-3 7.278366e-4 -2.294348e-4 0.000000e+0
7.300000e+6  1.833506e-1 2.034283e-1 -7.156191e-2 4.086878e-2 -1.661285e-2 6.725260e-3 -2.438927e-3 7.461056e-4 -2.360597e-4 0.000000e+0
7.400000e+6  1.863607e-1 2.035921e-1 -7.139638e-2 4.114356e-2 -1.677412e-2 6.823280e-3 -2.483988e-3 7.642953e-4 -2.426954e-4 0.000000e+0
7.500000e+6  1.893269e-1 2.037581e-1 -7.121451e-2 4.140850e-2 -1.693021e-2 6.919478e-3 -2.528456e-3 7.823898e-4 -2.493371e-4 0.000000e+0
7.600000e+6  1.922456e-1 2.039262e-1 -7.101590e-2 4.166306e-2 -1.708083e-2 7.013718e-3 -2.572278e-3 8.003720e-4 -2.559800e-4 0.000000e+0
7.700000e+6  1.951129e-1 2.040963e-1 -7.080014e-2 4.190671e-2 -1.722566e-2 7.105859e-3 -2.615395e-3 8.182232e-4 -2.626188e-4 0.000000e+0
7.800000e+6  1.979248e-1 2.042684e-1 -7.056683e-2 4.213888e-2 -1.736442e-2 7.195762e-3 -2.657753e-3 8.359249e-4 -2.692491e-4 0.000000e+0
7.900000e+6  2.006773e-1 2.044423e-1 -7.031559e-2 4.235902e-2 -1.749678e-2 7.283280e-3 -2.699292e-3 8.534591e-4 -2.758644e-4 0.000000e+0
8.000000e+6  2.033661e-1 2.046181e-1 -7.004606e-2 4.256656e-2 -1.762244e-2 7.368267e-3 -2.739952e-3 8.708063e-4 -2.824588e-4 1.233423e-5 0.000000e+0
8.200000e+6  2.090686e-1 2.049953e-1 -6.956677e-2 4.304514e-2 -1.791714e-2 7.554561e-3 -2.838052e-3 9.147611e-4 -3.005706e-4 1.829344e-5 0.000000e+0
8.400000e+6  2.146815e-1 2.053873e-1 -6.905294e-2 4.350696e-2 -1.820654e-2 7.738679e-3 -2.939610e-3 9.615949e-4 -3.204744e-4 2.517556e-5 0.000000e+0
8.600000e+6  2.201861e-1 2.057943e-1 -6.850353e-2 4.394984e-2 -1.848960e-2 7.920049e-3 -3.044612e-3 1.011385e-3 -3.422424e-4 3.302259e-5 0.000000e+0
8.800000e+6  2.255623e-1 2.062163e-1 -6.791756e-2 4.437152e-2 -1.876526e-2 8.098063e-3 -3.153028e-3 1.064202e-3 -3.659399e-4 4.187961e-5 0.000000e+0
9.000000e+6  2.307888e-1 2.066530e-1 -6.729416e-2 4.476964e-2 -1.903238e-2 8.272077e-3 -3.264811e-3 1.120107e-3 -3.916329e-4 5.178757e-5 0.000000e+0
9.200000e+6  2.358436e-1 2.071045e-1 -6.663258e-2 4.514176e-2 -1.928976e-2 8.441413e-3 -3.379888e-3 1.179154e-3 -4.193784e-4 6.278772e-5 0.000000e+0
9.400000e+6  2.407035e-1 2.075704e-1 -6.593218e-2 4.548538e-2 -1.953616e-2 8.605362e-3 -3.498170e-3 1.241382e-3 -4.492311e-4 7.491597e-5 0.000000e+0
9.600000e+6  2.453445e-1 2.080504e-1 -6.519247e-2 4.579792e-2 -1.977032e-2 8.763182e-3 -3.619541e-3 1.306817e-3 -4.812382e-4 8.820967e-5 0.000000e+0
9.800000e+6  2.497420e-1 2.085440e-1 -6.441315e-2 4.607680e-2 -1.999091e-2 8.914112e-3 -3.743858e-3 1.375473e-3 -5.154382e-4 1.026996e-4 0.000000e+0
1.000000e+7  2.538705e-1 2.090507e-1 -6.359410e-2 4.631940e-2 -2.019660e-2 9.057363e-3 -3.870953e-3 1.447344e-3 -5.518640e-4 1.184138e-4 0.000000e+0
1.020000e+7  2.586440e-1 2.095697e-1 -6.283570e-2 4.663788e-2 -2.039647e-2 9.203622e-3 -3.964467e-3 1.494984e-3 -5.740451e-4 1.270360e-4 0.000000e+0
1.040000e+7  2.633193e-1 2.101023e-1 -6.205680e-2 4.694101e-2 -2.058170e-2 9.343625e-3 -4.052809e-3 1.539980e-3 -5.949750e-4 1.351403e-4 0.000000e+0
1.060000e+7  2.678824e-1 2.106484e-1 -6.125766e-2 4.722738e-2 -2.075111e-2 9.476761e-3 -4.135522e-3 1.582102e-3 -6.145419e-4 1.426825e-4 0.000000e+0
1.080000e+7  2.723185e-1 2.112076e-1 -6.043866e-2 4.749551e-2 -2.090349e-2 9.602395e-3 -4.212139e-3 1.621108e-3 -6.326330e-4 1.496158e-4 0.000000e+0
1.100000e+7  2.766120e-1 2.117796e-1 -5.960026e-2 4.774389e-2 -2.103761e-2 9.719875e-3 -4.282178e-3 1.656754e-3 -6.491340e-4 1.558948e-4 0.000000e+0
1.120000e+7  2.807471e-1 2.123640e-1 -5.874303e-2 4.797096e-2 -2.115225e-2 9.828534e-3 -4.345149e-3 1.688790e-3 -6.639271e-4 1.614732e-4 0.000000e+0
1.140000e+7  2.847071e-1 2.129603e-1 -5.786769e-2 4.817516e-2 -2.124613e-2 9.927692e-3 -4.400553e-3 1.716959e-3 -6.768928e-4 1.662992e-4 0.000000e+0
1.160000e+7  2.884751e-1 2.135680e-1 -5.697503e-2 4.835489e-2 -2.131800e-2 1.001666e-2 -4.447887e-3 1.741006e-3 -6.879092e-4 1.703280e-4 0.000000e+0
1.180000e+7  2.920336e-1 2.141862e-1 -5.606601e-2 4.850854e-2 -2.136659e-2 1.009474e-2 -4.486648e-3 1.760675e-3 -6.968565e-4 1.735099e-4 0.000000e+0
1.200000e+7  2.953650e-1 2.148144e-1 -5.514169e-2 4.863452e-2 -2.139066e-2 1.016123e-2 -4.516332e-3 1.775708e-3 -7.036144e-4 1.757950e-4 0.000000e+0
1.220000e+7  2.992610e-1 2.154524e-1 -5.423498e-2 4.883967e-2 -2.148016e-2 1.025952e-2 -4.575182e-3 1.806328e-3 -7.182371e-4 1.814448e-4 0.000000e+0
1.240000e+7  3.030789e-1 2.161006e-1 -5.331953e-2 4.903780e-2 -2.156248e-2 1.035457e-2 -4.632440e-3 1.836287e-3 -7.326566e-4 1.870451e-4 0.000000e+0
1.260000e+7  3.068097e-1 2.167587e-1 -5.239615e-2 4.922829e-2 -2.163716e-2 1.044609e-2 -4.687944e-3 1.865506e-3 -7.468427e-4 1.925827e-4 0.000000e+0
1.280000e+7  3.104436e-1 2.174262e-1 -5.146578e-2 4.941050e-2 -2.170371e-2 1.053376e-2 -4.741529e-3 1.893910e-3 -7.607634e-4 1.980495e-4 0.000000e+0
1.300000e+7  3.139706e-1 2.181027e-1 -5.052940e-2 4.958374e-2 -2.176163e-2 1.061728e-2 -4.793024e-3 1.921416e-3 -7.743845e-4 2.034328e-4 0.000000e+0
1.320000e+7  3.173805e-1 2.187875e-1 -4.958810e-2 4.974733e-2 -2.181042e-2 1.069632e-2 -4.842253e-3 1.947943e-3 -7.876729e-4 2.087206e-4 0.000000e+0
1.340000e+7  3.206626e-1 2.194801e-1 -4.864303e-2 4.990057e-2 -2.184957e-2 1.077055e-2 -4.889034e-3 1.973402e-3 -8.005930e-4 2.139021e-4 0.000000e+0
1.360000e+7  3.238059e-1 2.201797e-1 -4.769545e-2 5.004275e-2 -2.187858e-2 1.083964e-2 -4.933182e-3 1.997707e-3 -8.131082e-4 2.189613e-4 0.000000e+0
1.380000e+7  3.267993e-1 2.208857e-1 -4.674668e-2 5.017313e-2 -2.189693e-2 1.090323e-2 -4.974509e-3 2.020765e-3 -8.251791e-4 2.238881e-4 0.000000e+0
1.400000e+7  3.296314e-1 2.215972e-1 -4.579815e-2 5.029099e-2 -2.190411e-2 1.096099e-2 -5.012823e-3 2.042488e-3 -8.367686e-4 2.286673e-4 0.000000e+0
1.420000e+7  3.328436e-1 2.223221e-1 -4.482915e-2 5.044499e-2 -2.193310e-2 1.103248e-2 -5.057441e-3 2.067357e-3 -8.493092e-4 2.337974e-4 0.000000e+0
1.440000e+7  3.359948e-1 2.230541e-1 -4.385681e-2 5.059577e-2 -2.195707e-2 1.110179e-2 -5.100761e-3 2.091723e-3 -8.616263e-4 2.388702e-4 0.000000e+0
1.460000e+7  3.390788e-1 2.237927e-1 -4.288204e-2 5.074302e-2 -2.197577e-2 1.116876e-2 -5.142678e-3 2.115535e-3 -8.736944e-4 2.438773e-4 0.000000e+0
1.480000e+7  3.420891e-1 2.245372e-1 -4.190584e-2 5.088640e-2 -2.198893e-2 1.123321e-2 -5.183081e-3 2.138740e-3 -8.854887e-4 2.488102e-4 0.000000e+0
1.500000e+7  3.450188e-1 2.252872e-1 -4.092926e-2 5.102558e-2 -2.199629e-2 1.129493e-2 -5.221854e-3 2.161285e-3 -8.969850e-4 2.536616e-4 0.000000e+0
1.520000e+7  3.478610e-1 2.260420e-1 -3.995341e-2 5.116022e-2 -2.199759e-2 1.135375e-2 -5.258884e-3 2.183114e-3 -9.081553e-4 2.584206e-4 0.000000e+0
1.540000e+7  3.506087e-1 2.268010e-1 -3.897948e-2 5.128996e-2 -2.199257e-2 1.140947e-2 -5.294048e-3 2.204171e-3 -9.189739e-4 2.630775e-4 0.000000e+0
1.560000e+7  3.532543e-1 2.275633e-1 -3.800869e-2 5.141442e-2 -2.198094e-2 1.146189e-2 -5.327224e-3 2.224397e-3 -9.294110e-4 2.676241e-4 0.000000e+0
1.580000e+7  3.557905e-1 2.283283e-1 -3.704237e-2 5.153325e-2 -2.196246e-2 1.151080e-2 -5.358290e-3 2.243733e-3 -9.394395e-4 2.720486e-4 0.000000e+0
1.600000e+7  3.582095e-1 2.290951e-1 -3.608188e-2 5.164605e-2 -2.193685e-2 1.155599e-2 -5.387118e-3 2.262119e-3 -9.490285e-4 2.763404e-4 0.000000e+0
1.620000e+7  3.608918e-1 2.298796e-1 -3.508960e-2 5.177892e-2 -2.192289e-2 1.160961e-2 -5.420444e-3 2.282456e-3 -9.595538e-4 2.809491e-4 0.000000e+0
1.640000e+7  3.635266e-1 2.306688e-1 -3.409647e-2 5.191074e-2 -2.190528e-2 1.166177e-2 -5.452768e-3 2.302368e-3 -9.698901e-4 2.855086e-4 0.000000e+0
1.660000e+7  3.661094e-1 2.314621e-1 -3.310335e-2 5.204134e-2 -2.188386e-2 1.171235e-2 -5.484014e-3 2.321822e-3 -9.800201e-4 2.900091e-4 0.000000e+0
1.680000e+7  3.686356e-1 2.322589e-1 -3.211116e-2 5.217055e-2 -2.185849e-2 1.176125e-2 -5.514107e-3 2.340777e-3 -9.899257e-4 2.944477e-4 0.000000e+0
1.700000e+7  3.711006e-1 2.330587e-1 -3.112089e-2 5.229820e-2 -2.182905e-2 1.180836e-2 -5.542975e-3 2.359195e-3 -9.995862e-4 2.988157e-4 0.000000e+0
1.720000e+7  3.734994e-1 2.338608e-1 -3.013356e-2 5.242410e-2 -2.179540e-2 1.185354e-2 -5.570538e-3 2.377040e-3 -1.008987e-3 3.031041e-4 0.000000e+0
1.740000e+7  3.758272e-1 2.346645e-1 -2.915024e-2 5.254805e-2 -2.175738e-2 1.189668e-2 -5.596715e-3 2.394267e-3 -1.018103e-3 3.073095e-4 0.000000e+0
1.760000e+7  3.780787e-1 2.354691e-1 -2.817205e-2 5.266985e-2 -2.171487e-2 1.193766e-2 -5.621428e-3 2.410835e-3 -1.026919e-3 3.114224e-4 0.000000e+0
1.780000e+7  3.802487e-1 2.362738e-1 -2.720017e-2 5.278931e-2 -2.166774e-2 1.197635e-2 -5.644594e-3 2.426706e-3 -1.035411e-3 3.154352e-4 0.000000e+0
1.800000e+7  3.823319e-1 2.370779e-1 -2.623582e-2 5.290620e-2 -2.161584e-2 1.201262e-2 -5.666129e-3 2.441832e-3 -1.043558e-3 3.193397e-4 0.000000e+0
1.820000e+7  3.846028e-1 2.379023e-1 -2.523832e-2 5.303515e-2 -2.156999e-2 1.205433e-2 -5.690839e-3 2.458329e-3 -1.052544e-3 3.233298e-4 0.000000e+0
1.840000e+7  3.868365e-1 2.387296e-1 -2.424113e-2 5.316432e-2 -2.152135e-2 1.209506e-2 -5.714791e-3 2.474463e-3 -1.061404e-3 3.272410e-4 0.000000e+0
1.860000e+7  3.890300e-1 2.395595e-1 -2.324506e-2 5.329362e-2 -2.146985e-2 1.213476e-2 -5.737942e-3 2.490206e-3 -1.070124e-3 3.310673e-4 0.000000e+0
1.880000e+7  3.911799e-1 2.403913e-1 -2.225092e-2 5.342297e-2 -2.141542e-2 1.217334e-2 -5.760237e-3 2.505530e-3 -1.078692e-3 3.348046e-4 0.000000e+0
1.900000e+7  3.932828e-1 2.412245e-1 -2.125959e-2 5.355225e-2 -2.135799e-2 1.221074e-2 -5.781629e-3 2.520408e-3 -1.087099e-3 3.384441e-4 0.000000e+0
1.920000e+7  3.953352e-1 2.420583e-1 -2.027198e-2 5.368136e-2 -2.129749e-2 1.224687e-2 -5.802064e-3 2.534807e-3 -1.095326e-3 3.419793e-4 0.000000e+0
1.940000e+7  3.973335e-1 2.428923e-1 -1.928903e-2 5.381019e-2 -2.123386e-2 1.228167e-2 -5.821491e-3 2.548700e-3 -1.103363e-3 3.454033e-4 0.000000e+0
1.960000e+7  3.992741e-1 2.437256e-1 -1.831174e-2 5.393862e-2 -2.116703e-2 1.231504e-2 -5.839853e-3 2.562057e-3 -1.111198e-3 3.487091e-4 0.000000e+0
1.980000e+7  4.011531e-1 2.445575e-1 -1.734113e-2 5.406653e-2 -2.109693e-2 1.234692e-2 -5.857099e-3 2.574847e-3 -1.118812e-3 3.518917e-4 0.000000e+0
2.000000e+7  4.029668e-1 2.453874e-1 -1.637828e-2 5.419379e-2 -2.102351e-2 1.237722e-2 -5.873169e-3 2.587034e-3 -1.126196e-3 3.549418e-4 0.000000e+0