-0.5602105     -2.811492     0.0000000E+00 0.0000000E+00 -2.232938     100000
  0.2613857E-01 -1.653863     0.0000000E+00 0.0000000E+00 -1.596589     010000
  0.0000000E+00 0.0000000E+00 -3.868125    -0.5160169E-01 0.0000000E+00 001000
  0.0000000E+00 0.0000000E+00 -0.5652488    -0.2660637     0.0000000E+00 000100
  0.0000000E+00 0.0000000E+00 0.0000000E+00 0.0000000E+00  1.000000     000010
  0.9527920     0.7958237     0.0000000E+00 0.0000000E+00 0.6861175     000001
   2.340778     -14.11643     0.0000000E+00 0.0000000E+00 -17.17884     200000
  -2.166454     -23.37631     0.0000000E+00 0.0000000E+00 -21.72784     110000
  -2.719978     -9.907298     0.0000000E+00 0.0000000E+00 -7.247469     020000
  0.0000000E+00 0.0000000E+00 -37.25273     -25.16144     0.0000000E+00 101000
  0.0000000E+00 0.0000000E+00 -26.18100     -25.00143     0.0000000E+00 011000
   27.95706      55.15500     0.0000000E+00 0.0000000E+00  1.434757     002000
  0.0000000E+00 0.0000000E+00 -24.27712     -1.438323     0.0000000E+00 100100
  0.0000000E+00 0.0000000E+00 -15.44381     -2.058656     0.0000000E+00 010100
   4.127268      13.01815     0.0000000E+00 0.0000000E+00  3.154095     001100
  0.7581413     -2.856859     0.0000000E+00 0.0000000E+00  2.917911     100001
  0.7470454E-05 -2.104864     0.0000000E+00 0.0000000E+00  2.544689     010001
  0.0000000E+00 0.0000000E+00 -9.561690     -15.05344     0.0000000E+00 001001
 -0.8988103     0.5286002     0.0000000E+00 0.0000000E+00 0.7531471     000200
  0.0000000E+00 0.0000000E+00 0.2318306     -1.538977     0.0000000E+00 000101
  -1.356128     -1.233672     0.0000000E+00 0.0000000E+00 -0.6449210     000002
  -209.1480     -289.9111     0.0000000E+00 0.0000000E+00 -104.4755     300000
  -434.3534     -591.4626     0.0000000E+00 0.0000000E+00 -208.1305     210000
  -296.2081     -396.5288     0.0000000E+00 0.0000000E+00 -138.8071     120000
  -67.04338     -88.93205     0.0000000E+00 0.0000000E+00 -31.79553     030000
  0.0000000E+00 0.0000000E+00  46.70485     -357.2413     0.0000000E+00 201000
  0.0000000E+00 0.0000000E+00  98.67018     -417.9813     0.0000000E+00 111000
  0.0000000E+00 0.0000000E+00  45.18686     -114.8317     0.0000000E+00 021000
   240.2895      604.8205     0.0000000E+00 0.0000000E+00  75.80185     102000
   111.5704      308.9621     0.0000000E+00 0.0000000E+00  50.11651     012000
  0.0000000E+00 0.0000000E+00  256.6752      265.0771     0.0000000E+00 003000
  0.0000000E+00 0.0000000E+00 -93.37102     -200.7279     0.0000000E+00 200100
  0.0000000E+00 0.0000000E+00 -146.0377     -297.6263     0.0000000E+00 110100
  0.0000000E+00 0.0000000E+00 -58.09161     -106.5499     0.0000000E+00 020100
   448.8791      809.5359     0.0000000E+00 0.0000000E+00  33.66411     101100
   279.3968      498.7145     0.0000000E+00 0.0000000E+00  22.16093     011100
  0.0000000E+00 0.0000000E+00  99.40664      135.0466     0.0000000E+00 002100
  -19.47884     -55.01654     0.0000000E+00 0.0000000E+00  25.22340     200001
  -24.22055     -61.68170     0.0000000E+00 0.0000000E+00  41.86188     110001
  -5.919478     -15.72494     0.0000000E+00 0.0000000E+00  17.16123     020001
  0.0000000E+00 0.0000000E+00 -111.2682     -141.5134     0.0000000E+00 101001
  0.0000000E+00 0.0000000E+00 -51.94326     -71.41808     0.0000000E+00 011001
 -0.5588999E-01  19.27935     0.0000000E+00 0.0000000E+00 -17.00114     002001
   59.34350      98.75552     0.0000000E+00 0.0000000E+00  7.335584     100200
   38.57642      63.36007     0.0000000E+00 0.0000000E+00  4.236072     010200
  0.0000000E+00 0.0000000E+00  53.65600      46.88554     0.0000000E+00 001200
  0.0000000E+00 0.0000000E+00 -48.32966     -88.26415     0.0000000E+00 100101
  0.0000000E+00 0.0000000E+00 -20.90281     -50.24077     0.0000000E+00 010101
  -16.71310     -22.40174     0.0000000E+00 0.0000000E+00 -8.946067     001101
  -7.445767     -5.097315     0.0000000E+00 0.0000000E+00 -4.180452     100002
  -4.358041     -2.500559     0.0000000E+00 0.0000000E+00 -3.641816     010002
  0.0000000E+00 0.0000000E+00  13.91089      11.87080     0.0000000E+00 001002
  0.0000000E+00 0.0000000E+00  5.363716      3.517765     0.0000000E+00 000300
  0.7134681     0.3041042     0.0000000E+00 0.0000000E+00 -1.668325     000201
  0.0000000E+00 0.0000000E+00  3.244900      5.527558     0.0000000E+00 000102
   2.078422      1.583918     0.0000000E+00 0.0000000E+00 0.9440776     000003
  -1010.985     -1239.094     0.0000000E+00 0.0000000E+00 -972.2056     400000
  -2153.853     -2653.957     0.0000000E+00 0.0000000E+00 -2614.618     310000
  -1657.693     -2045.147     0.0000000E+00 0.0000000E+00 -2633.241     220000
  -532.4099     -663.5375     0.0000000E+00 0.0000000E+00 -1190.541     130000
  -58.52232     -76.66671     0.0000000E+00 0.0000000E+00 -205.9524     040000
  0.0000000E+00 0.0000000E+00  4969.609      2257.335     0.0000000E+00 301000
  0.0000000E+00 0.0000000E+00  10574.81      5733.044     0.0000000E+00 211000
  0.0000000E+00 0.0000000E+00  7415.235      4489.217     0.0000000E+00 121000
  0.0000000E+00 0.0000000E+00  1703.954      1103.407     0.0000000E+00 031000
  -2329.369     -3130.592     0.0000000E+00 0.0000000E+00  1311.376     202000
  -2641.587     -4027.490     0.0000000E+00 0.0000000E+00  1575.256     112000
  -645.8009     -1133.559     0.0000000E+00 0.0000000E+00  478.1994     022000
  0.0000000E+00 0.0000000E+00  6657.363      6460.760     0.0000000E+00 103000
  0.0000000E+00 0.0000000E+00  3702.891      3703.143     0.0000000E+00 013000
  -1110.274     -2409.748     0.0000000E+00 0.0000000E+00 -434.6822     004000
  0.0000000E+00 0.0000000E+00 -29.55264     -946.0541     0.0000000E+00 300100
  0.0000000E+00 0.0000000E+00  181.7733     -1326.869     0.0000000E+00 210100
  0.0000000E+00 0.0000000E+00  235.8752     -590.9189     0.0000000E+00 120100
  0.0000000E+00 0.0000000E+00  55.38232     -92.04883     0.0000000E+00 030100
   808.7983      2977.389     0.0000000E+00 0.0000000E+00  1413.274     201100
   910.1467      3294.101     0.0000000E+00 0.0000000E+00  1740.786     111100
   333.4975      1040.332     0.0000000E+00 0.0000000E+00  541.2002     021100
  0.0000000E+00 0.0000000E+00  4300.315      4794.307     0.0000000E+00 102100
  0.0000000E+00 0.0000000E+00  2471.186      2718.834     0.0000000E+00 012100
  -131.1555     -688.7729     0.0000000E+00 0.0000000E+00 -259.1098     003100
   269.7033      32.07951     0.0000000E+00 0.0000000E+00  220.7963     300001
   791.4554      384.8785     0.0000000E+00 0.0000000E+00  520.4051     210001
   700.5619      471.1642     0.0000000E+00 0.0000000E+00  397.0805     120001
   194.9003      151.9085     0.0000000E+00 0.0000000E+00  101.1128     030001
  0.0000000E+00 0.0000000E+00 -424.8358     -1.401615     0.0000000E+00 201001
  0.0000000E+00 0.0000000E+00 -611.6128      126.4922     0.0000000E+00 111001
  0.0000000E+00 0.0000000E+00 -247.7312      44.67368     0.0000000E+00 021001
   1084.053      1975.310     0.0000000E+00 0.0000000E+00 -356.3782     102001
   728.9833      1218.599     0.0000000E+00 0.0000000E+00 -254.8955     012001
  0.0000000E+00 0.0000000E+00 -80.21933      259.3327     0.0000000E+00 003001
   1199.179      2206.521     0.0000000E+00 0.0000000E+00  187.4514     200200
   1483.052      2677.626     0.0000000E+00 0.0000000E+00  215.2811     110200
   464.3474      825.2498     0.0000000E+00 0.0000000E+00  62.74477     020200
  0.0000000E+00 0.0000000E+00  763.3324      1205.012     0.0000000E+00 101200
  0.0000000E+00 0.0000000E+00  489.3170      739.4375     0.0000000E+00 011200
  -433.4945     -853.8776     0.0000000E+00 0.0000000E+00 -61.05989     002200
  0.0000000E+00 0.0000000E+00 -216.0108     -149.3442     0.0000000E+00 200101
  0.0000000E+00 0.0000000E+00 -215.0618     -90.93391     0.0000000E+00 110101
  0.0000000E+00 0.0000000E+00 -48.96606     -3.423998     0.0000000E+00 020101
  -100.3192      48.60681     0.0000000E+00 0.0000000E+00 -354.5479     101101
  -147.6927     -130.9101     0.0000000E+00 0.0000000E+00 -235.5427     011101
  0.0000000E+00 0.0000000E+00 -139.5619     -61.32944     0.0000000E+00 002101
 -0.4286885      27.28882     0.0000000E+00 0.0000000E+00 -37.71415     200002
   14.93164      64.76124     0.0000000E+00 0.0000000E+00 -71.11994     110002
   7.397554      28.44694     0.0000000E+00 0.0000000E+00 -32.82973     020002
  0.0000000E+00 0.0000000E+00  120.9779      27.85382     0.0000000E+00 101002
  0.0000000E+00 0.0000000E+00  76.09369      28.13841     0.0000000E+00 011002
   30.36666     -4.915027     0.0000000E+00 0.0000000E+00  4.574285     002002
  0.0000000E+00 0.0000000E+00  206.4109      239.7964     0.0000000E+00 100300
  0.0000000E+00 0.0000000E+00  123.8343      151.4156     0.0000000E+00 010300
  -121.3773     -215.0242     0.0000000E+00 0.0000000E+00 -7.407210     001300
  -153.4565     -217.1921     0.0000000E+00 0.0000000E+00 -55.45645     100201
  -108.9949     -156.4364     0.0000000E+00 0.0000000E+00 -36.12502     010201
  0.0000000E+00 0.0000000E+00 -8.978087      38.78144     0.0000000E+00 001201
  0.0000000E+00 0.0000000E+00  113.8392      117.3214     0.0000000E+00 100102
  0.0000000E+00 0.0000000E+00  74.38478      91.21327     0.0000000E+00 010102
   31.72609      21.25515     0.0000000E+00 0.0000000E+00  18.31505     001102
   21.91375      16.39406     0.0000000E+00 0.0000000E+00  7.753071     100003
   15.05155      12.44663     0.0000000E+00 0.0000000E+00  5.970065     010003
  0.0000000E+00 0.0000000E+00 -22.09465     -13.61005     0.0000000E+00 001003
  -11.42285     -18.13208     0.0000000E+00 0.0000000E+00 -0.5319202     000400
  0.0000000E+00 0.0000000E+00 -8.477578    -0.2699277     0.0000000E+00 000301
   2.723289      3.711036     0.0000000E+00 0.0000000E+00  2.976393     000202
  0.0000000E+00 0.0000000E+00 -7.258314     -7.847595     0.0000000E+00 000103
  -3.479247     -1.603522     0.0000000E+00 0.0000000E+00 -1.788665     000004
   809.2954      2926.494     0.0000000E+00 0.0000000E+00 -7548.334     500000
   2984.226      9306.988     0.0000000E+00 0.0000000E+00 -25143.68     410000
   3813.728      11333.55     0.0000000E+00 0.0000000E+00 -33529.50     320000
   1966.615      6346.993     0.0000000E+00 0.0000000E+00 -22494.30     230000
   259.8432      1477.973     0.0000000E+00 0.0000000E+00 -7629.722     140000
  -52.63707      70.35371     0.0000000E+00 0.0000000E+00 -1052.094     050000
  0.0000000E+00 0.0000000E+00  82283.57      58256.99     0.0000000E+00 401000
  0.0000000E+00 0.0000000E+00  212035.1      150304.5     0.0000000E+00 311000
  0.0000000E+00 0.0000000E+00  205392.9      146007.7     0.0000000E+00 221000
  0.0000000E+00 0.0000000E+00  88823.96      63244.98     0.0000000E+00 131000
  0.0000000E+00 0.0000000E+00  14510.10      10315.75     0.0000000E+00 041000
  -41402.42     -90245.13     0.0000000E+00 0.0000000E+00  10577.25     302000
  -80310.53     -176913.4     0.0000000E+00 0.0000000E+00  21165.25     212000
  -53833.06     -117891.4     0.0000000E+00 0.0000000E+00  14515.88     122000
  -12429.28     -26623.70     0.0000000E+00 0.0000000E+00  3427.209     032000
  0.0000000E+00 0.0000000E+00  50666.91      51462.52     0.0000000E+00 203000
  0.0000000E+00 0.0000000E+00  46512.68      49051.01     0.0000000E+00 113000
  0.0000000E+00 0.0000000E+00  9907.625      10911.53     0.0000000E+00 023000
  -68164.76     -102595.5     0.0000000E+00 0.0000000E+00 -7344.745     104000
  -40199.49     -58763.43     0.0000000E+00 0.0000000E+00 -2802.323     014000
  0.0000000E+00 0.0000000E+00  48497.24      32402.90     0.0000000E+00 005000
  0.0000000E+00 0.0000000E+00  19719.98      13307.96     0.0000000E+00 400100
  0.0000000E+00 0.0000000E+00  49966.52      34345.92     0.0000000E+00 310100
  0.0000000E+00 0.0000000E+00  47177.39      32757.43     0.0000000E+00 220100
  0.0000000E+00 0.0000000E+00  19655.30      13626.76     0.0000000E+00 130100
  0.0000000E+00 0.0000000E+00  3031.211      2060.138     0.0000000E+00 040100
  -15706.44     -37414.33     0.0000000E+00 0.0000000E+00  14612.91     301100
  -23879.50     -65145.73     0.0000000E+00 0.0000000E+00  27542.29     211100
  -11373.50     -36860.88     0.0000000E+00 0.0000000E+00  17650.63     121100
  -1532.567     -6575.834     0.0000000E+00 0.0000000E+00  3858.769     031100
  0.0000000E+00 0.0000000E+00  70066.46      70288.19     0.0000000E+00 202100
  0.0000000E+00 0.0000000E+00  76460.64      77528.15     0.0000000E+00 112100
  0.0000000E+00 0.0000000E+00  21450.59      22035.24     0.0000000E+00 022100
  -40613.54     -73466.59     0.0000000E+00 0.0000000E+00 -13577.67     103100
  -26637.54     -46743.36     0.0000000E+00 0.0000000E+00 -7732.817     013100
  0.0000000E+00 0.0000000E+00 -2388.297      2533.526     0.0000000E+00 004100
   2926.898      748.8860     0.0000000E+00 0.0000000E+00  2047.906     400001
   7843.362      2291.376     0.0000000E+00 0.0000000E+00  6288.021     310001
   7467.224      2076.772     0.0000000E+00 0.0000000E+00  7127.257     220001
   2984.082      594.7334     0.0000000E+00 0.0000000E+00  3580.855     130001
   419.1047      9.619963     0.0000000E+00 0.0000000E+00  681.4828     040001
  0.0000000E+00 0.0000000E+00 -7624.204      990.7256     0.0000000E+00 301001
  0.0000000E+00 0.0000000E+00 -19690.27     -561.2105     0.0000000E+00 211001
  0.0000000E+00 0.0000000E+00 -16333.86     -2474.531     0.0000000E+00 121001
  0.0000000E+00 0.0000000E+00 -4387.028     -1089.524     0.0000000E+00 031001
   15561.13      28350.61     0.0000000E+00 0.0000000E+00 -796.2729     202001
   17532.84      33189.87     0.0000000E+00 0.0000000E+00 -1387.812     112001
   4462.118      9316.996     0.0000000E+00 0.0000000E+00 -539.9246     022001
  0.0000000E+00 0.0000000E+00 -3309.494      4441.183     0.0000000E+00 103001
  0.0000000E+00 0.0000000E+00 -3795.883      649.3464     0.0000000E+00 013001
   3472.269      837.7103     0.0000000E+00 0.0000000E+00  2143.909     004001
  -4037.144     -4428.880     0.0000000E+00 0.0000000E+00  4404.984     300200
  -7154.700     -7974.748     0.0000000E+00 0.0000000E+00  8095.597     210200
  -3911.502     -4156.748     0.0000000E+00 0.0000000E+00  4997.119     120200
  -620.8326     -543.2571     0.0000000E+00 0.0000000E+00  1037.654     030200
  0.0000000E+00 0.0000000E+00  21963.48      20536.57     0.0000000E+00 201200
  0.0000000E+00 0.0000000E+00  25771.21      22538.67     0.0000000E+00 111200
  0.0000000E+00 0.0000000E+00  7836.286      6453.652     0.0000000E+00 021200
  -5544.977     -14946.17     0.0000000E+00 0.0000000E+00 -5554.377     102200
  -4348.467     -10363.42     0.0000000E+00 0.0000000E+00 -3308.328     012200
  0.0000000E+00 0.0000000E+00 -4849.592     -3226.879     0.0000000E+00 003200
  0.0000000E+00 0.0000000E+00 -3749.980     -2258.558     0.0000000E+00 300101
  0.0000000E+00 0.0000000E+00 -7992.054     -4885.392     0.0000000E+00 210101
  0.0000000E+00 0.0000000E+00 -5809.183     -3779.367     0.0000000E+00 120101
  0.0000000E+00 0.0000000E+00 -1411.655     -1009.585     0.0000000E+00 030101
   11427.35      22278.04     0.0000000E+00 0.0000000E+00 -4734.392     201101
   13555.54      26189.05     0.0000000E+00 0.0000000E+00 -6731.020     111101
   3825.049      7511.816     0.0000000E+00 0.0000000E+00 -2388.324     021101
  0.0000000E+00 0.0000000E+00 -6395.198     -316.2216     0.0000000E+00 102101
  0.0000000E+00 0.0000000E+00 -4562.026     -913.0966     0.0000000E+00 012101
   92.58597     -874.0459     0.0000000E+00 0.0000000E+00  1626.853     003101
  -628.4338     -229.9284     0.0000000E+00 0.0000000E+00 -571.2595     300002
  -1782.963     -816.6548     0.0000000E+00 0.0000000E+00 -1408.651     210002
  -1630.317     -909.3800     0.0000000E+00 0.0000000E+00 -1131.523     120002
  -482.6645     -312.5112     0.0000000E+00 0.0000000E+00 -301.2790     030002
  0.0000000E+00 0.0000000E+00 -344.2998     -1742.814     0.0000000E+00 201002
  0.0000000E+00 0.0000000E+00 -124.4821     -2231.832     0.0000000E+00 111002
  0.0000000E+00 0.0000000E+00  147.6947     -659.1852     0.0000000E+00 021002
  -2547.652     -3856.668     0.0000000E+00 0.0000000E+00 -115.4472     102002
  -2259.859     -3292.504     0.0000000E+00 0.0000000E+00  80.72128     012002
  0.0000000E+00 0.0000000E+00 -480.8670     -325.3314     0.0000000E+00 003002
  0.0000000E+00 0.0000000E+00 -18.66276      717.3577     0.0000000E+00 200300
  0.0000000E+00 0.0000000E+00  79.63350      748.8165     0.0000000E+00 110300
  0.0000000E+00 0.0000000E+00  78.35965      222.9374     0.0000000E+00 020300
  -3620.300     -7090.866     0.0000000E+00 0.0000000E+00 -702.3346     101300
  -2192.491     -4270.140     0.0000000E+00 0.0000000E+00 -420.6964     011300
  0.0000000E+00 0.0000000E+00 -2029.797     -1238.570     0.0000000E+00 002300
  -256.9136      437.2565     0.0000000E+00 0.0000000E+00 -1399.556     200201
  -1027.920     -660.2927     0.0000000E+00 0.0000000E+00 -1793.377     110201
  -571.2545     -616.1822     0.0000000E+00 0.0000000E+00 -575.5360     020201
  0.0000000E+00 0.0000000E+00 -1549.253     -693.7009     0.0000000E+00 101201
  0.0000000E+00 0.0000000E+00 -1029.278     -464.7565     0.0000000E+00 011201
  -254.5967     -460.3178     0.0000000E+00 0.0000000E+00  759.0096     002201
  0.0000000E+00 0.0000000E+00  409.3605     -85.52055     0.0000000E+00 200102
  0.0000000E+00 0.0000000E+00  563.1581     -101.3425     0.0000000E+00 110102
  0.0000000E+00 0.0000000E+00  208.2195     -9.935744     0.0000000E+00 020102
  -330.8770     -1416.085     0.0000000E+00 0.0000000E+00  476.1996     101102
  -259.4285     -951.6616     0.0000000E+00 0.0000000E+00  426.5686     011102
  0.0000000E+00 0.0000000E+00  25.75171      13.03091     0.0000000E+00 002102
   95.37056      64.83702     0.0000000E+00 0.0000000E+00  55.00560     200003
   99.63815      26.79327     0.0000000E+00 0.0000000E+00  107.6938     110003
   26.68742     -14.30080     0.0000000E+00 0.0000000E+00  53.47999     020003
  0.0000000E+00 0.0000000E+00 -118.2883      96.07955     0.0000000E+00 101003
  0.0000000E+00 0.0000000E+00 -52.56551      88.90062     0.0000000E+00 011003
  -171.4950     -145.9459     0.0000000E+00 0.0000000E+00  32.84883     002003
  -423.8965     -744.1252     0.0000000E+00 0.0000000E+00 -7.705786     100400
  -247.6811     -437.0522     0.0000000E+00 0.0000000E+00 -5.102151     010400
  0.0000000E+00 0.0000000E+00 -228.3042     -273.4860     0.0000000E+00 001400
  0.0000000E+00 0.0000000E+00 -85.19504      54.54394     0.0000000E+00 100301
  0.0000000E+00 0.0000000E+00 -120.8368     -49.21186     0.0000000E+00 010301
   198.0917      327.6046     0.0000000E+00 0.0000000E+00  136.4144     001301
   192.7085      107.9303     0.0000000E+00 0.0000000E+00  171.4306     100202
   154.0176      115.3968     0.0000000E+00 0.0000000E+00  125.2265     010202
  0.0000000E+00 0.0000000E+00 -35.37224     -64.35083     0.0000000E+00 001202
  0.0000000E+00 0.0000000E+00 -203.7524     -135.5637     0.0000000E+00 100103
  0.0000000E+00 0.0000000E+00 -149.8480     -120.5709     0.0000000E+00 010103
  -105.4391     -77.57415     0.0000000E+00 0.0000000E+00 -17.31710     001103
  -52.60059     -33.49379     0.0000000E+00 0.0000000E+00 -19.56760     100004
  -38.33788     -30.70597     0.0000000E+00 0.0000000E+00 -13.55396     010004
  0.0000000E+00 0.0000000E+00  47.46370      28.10115     0.0000000E+00 001004
  0.0000000E+00 0.0000000E+00 -47.37005     -26.55751     0.0000000E+00 000500
   34.38271      52.30875     0.0000000E+00 0.0000000E+00  8.980398     000401
  0.0000000E+00 0.0000000E+00 -4.445740     -21.06227     0.0000000E+00 000302
  -12.01263     -14.67973     0.0000000E+00 0.0000000E+00 -3.836360     000203
  0.0000000E+00 0.0000000E+00  14.43043      11.71270     0.0000000E+00 000104
   6.349636     0.6858357     0.0000000E+00 0.0000000E+00  3.670074     000005